UGC2369/hst/hst_10592_11_acs_wfc_f814w_j9cv11/hst_10592_11_acs_wfc_f814w_j9cv11_segment-cat.ecsv
# %ECSV 1.0
# ---
# datatype:
# - {name: X-Centroid, unit: pix, datatype: float64, format: 10.3f, description: Pixel Coordinate}
# - {name: Y-Centroid, unit: pix, datatype: float64, format: 10.3f, description: Pixel Coordinate}
# - {name: RA, unit: deg, datatype: float64, format: 13.7f, description: Sky coordinate at epoch of observation}
# - {name: DEC, unit: deg, datatype: float64, format: 13.7f, description: Sky coordinate at epoch of observation}
# - {name: ID, unit: '', datatype: int64, format: 7d, description: Catalog Object Identification Number}
# - {name: CI, unit: mag(AB), datatype: float64, format: 7.3f, description: Concentration Index}
# - {name: Flags, unit: '', datatype: int64, format: 5d, description: Numeric encoding for conditions on detected sources}
# - {name: MagAp1, unit: mag(AB), datatype: float64, format: 7.3f, description: ABMAG of source based on the inner (smaller) aperture}
# - {name: MagErrAp1, unit: mag(AB), datatype: float64, format: 7.3f, description: Error of MagAp1}
# - {name: FluxAp1, unit: electron / s, datatype: float64, format: 10.4f, description: Flux of source based on the inner (smaller) aperture}
# - {name: FluxErrAp1, unit: electron / s, datatype: float64, format: 10.4f, description: Error of FluxAp1}
# - {name: MagAp2, unit: mag(AB), datatype: float64, format: 7.3f, description: ABMAG of source based on the outer (larger) aperture}
# - {name: MagErrAp2, unit: mag(AB), datatype: float64, format: 7.3f, description: Error of MagAp2}
# - {name: FluxAp2, unit: electron / s, datatype: float64, format: 10.4f, description: Flux of source based on the outer (larger) aperture}
# - {name: FluxErrAp2, unit: electron / s, datatype: float64, format: 10.4f, description: Error of FluxAp2}
# - {name: MSkyAp2, unit: electron / (pix s), datatype: float64, format: 7.3f, description: Sky estimate from an annulus outside Aperture
#     2}
# - {name: Bck, unit: electron / s, datatype: float32, format: 10.4f, description: Background at the position of the source centroid}
# - {name: Area, unit: pix2, datatype: float64, format: 8.3f, description: Total unmasked area of the source segment}
# - {name: FWHM, unit: pix, datatype: float64, format: 8.3f, description: Circularized FWHM of 2D Gaussian function having the same second-order
#     central moments as the source}
# - {name: MagSegment, unit: mag(AB), datatype: float64, format: 7.3f, description: Magnitude corresponding to FluxSegment}
# - {name: FluxSegment, unit: electron / s, datatype: float64, format: 10.4f, description: Sum of unmasked data values in the source segment}
# - {name: FluxSegmentErr, unit: electron / s, datatype: float32, format: 10.4f, description: 'Uncertainty of FluxSegment, propagated
#     from the input error array'}
# - {name: KronRadius, unit: pix, datatype: float64, format: 8.4f, description: The unscaled first-moment Kron radius}
# - {name: Xmin, unit: pix, datatype: int64, format: 8.0f, description: Minimum X pixel within the minimal bounding box containing the
#     source segment}
# - {name: Ymin, unit: pix, datatype: int64, format: 8.0f, description: Minimum Y pixel within the minimal bounding box containing the
#     source segment}
# - {name: Xmax, unit: pix, datatype: int64, format: 8.0f, description: Maximum X pixel within the minimal bounding box containing the
[...]
# - h12: [RA and Dec values in this table are in sky coordinates (i.e. coordinates at the epoch of observation]
# - h12.1: [and an undistorted a posteriori solution aligned by visit to GAIAEDR3).]
# - h13: [Magnitude values in this table are in the ABMAG system.]
# - h14: ['Column titles in this table ending with Ap1 refer to the inner photometric aperture ']
# - h14.1: ['(radius = 1.000000000000064 pixels, 0.05 arcsec.']
# - h15: ['Column titles in this table ending with Ap2 refer to the outer photometric aperture ']
# - h15.1: ['(radius = 3.000000000000192 pixels, 0.15 arcsec.']
# - h16: [CI = Concentration Index (CI) = MagAp1 - MagAp2.]
# - h17: ['Flag Value Identification:']
# - h17.1: ['    0 - Stellar Source (0.9 < CI < 1.23)']
# - h17.2: ['    1 - Extended Source (CI > 1.23)']
# - h17.3: ['    2 - Questionable Photometry (Single-Pixel Saturation)']
# - h17.4: ['    4 - Questionable Photometry (Multi-Pixel Saturation)']
# - h17.5: ['    8 - Faint Detection Limit']
# - h17.6: ['   16 - Hot pixels (CI < 0.9)']
# - h17.7: ['   32 - False Detection Swarm Around Saturated Source']
# - h17.8: ['   64 - False Detections Near Image Edge']
# - h17.9: ['  128 - Bleeding and Cosmic Rays']
# - h18: ['#=================================================================================================']
# schema: astropy-2.0
X-Centroid Y-Centroid RA DEC ID CI Flags MagAp1 MagErrAp1 FluxAp1 FluxErrAp1 MagAp2 MagErrAp2 FluxAp2 FluxErrAp2 MSkyAp2 Bck Area FWHM MagSegment FluxSegment FluxSegmentErr KronRadius Xmin Ymin Xmax Ymax X2 Y2 XY CXX CYY CXY Elongation Ellipticity Theta
[from data line 89]
271.5235677967625 1697.5863952831487 43.54647000518166 14.961795927880589 90 -9999.0 24 1.7976931348623157e+308 1.7976931348623157e+308 0.0 0.0029052523061965678 1.7976931348623157e+308 1.7976931348623157e+308 0.0 0.008715756918589706 0.0 0.17166224 30.0 3.4417178061043776 -9999.0 -5.149867236614227 0.34002253 3.5 268 1695 274 1700 2.5388859439892943 1.7334467542721477 -0.5358845546111027 0.4213683503988252 0.6171554906044583 0.2605269417409964 1.3836991917389228 0.2772995706217912 -26.53748864131019
4569.811226925203 1696.8960501060117 43.48467666754932 14.96178743863219 91 0.6540511140909544 16 23.609333877588146 0.00431281540915789 8.492994030284585 0.033737418737862505 22.95528276349719 0.007387097758781727 15.512481067212779 0.10554684915239153 0.17674719780049425 0.17166224 22.0 2.743752261526015 22.948590268685347 15.608395546674728 3.9679613 3.5 4568 1695 4572 1699 1.3890432879281738 1.3261724280715772 0.10459914829939107 0.724221388619659 0.758555100032485 -0.11424297297444629 1.083964457281156 0.07746052623511213 36.63638793920151
1837.6727576697701 1712.3214950572467 43.52395463719228 14.962002907333863 92 1.097440540114647 0 21.91752827753547 0.001688713734017198 40.34438121608725 0.06275224339138989 20.820087737420824 0.001921778279306962 110.85601810490037 0.19622426796026235 0.1972769069443181 0.17166224 130.0 5.658479581832823 20.61464790497232 133.9476836770773 11.595201 3.5 1832 1706 1844 1718 5.947877615738532 5.600315926704189 0.15504347450886496 0.16824861664733826 0.1786903085348983 -0.009315849479822105 1.0411810183535812 0.03955221774855322 20.86932301668737
285.0263132689355 1714.81091480175 43.54627592498518 14.962035186740449 93 2.387929941090327 1 26.951739254454903 0.42111347193993737 0.39092970166184576 0.15163098825758842 24.563809313364576 0.14585339587883 3.5259053066788337 0.4736716059006129 -0.12443678884182946 0.17166224 140.0 5.112164271577585 -9999.0 -17.902424529194832 0.9340694 3.5 279 1709 292 1720 5.091481419295842 4.334447255218266 0.10374230726264136 0.1965023211128945 0.2308224919775675 -0.009406322409471615 1.0870517315005663 0.08008057848396977 7.663500371041982
2507.996140353463 1727.9571927022673 43.51431788092341 14.962220390633647 94 1.8305286632826139 1 24.793099143487215 0.010121205105230336 2.854662121740197 0.026611974615699124 22.9625704802046 0.005857900341501781 15.408706316556655 0.08313775996486862 0.17333433288069527 0.17166224 19.0 2.936387235940525 22.959797056727073 15.448116898536682 3.939713 3.5 2506 1726 2510 1730 1.509497967915228 1.6003646417938042 0.7950926731993456 0.8972792325134636 0.8463328561254972 -0.8915719892258234 1.7606225377602194 0.43201908498107 46.63522492376091
258.2305613192497 1746.2495515049495 43.54666121993944 14.96247177570603 95 -9999.0 24 1.7976931348623157e+308 1.7976931348623157e+308 0.0 0.002905252306196568 1.7976931348623157e+308 1.7976931348623157e+308 0.0 0.008715756918589702 0.0 0.17166224 24.0 2.876315956752956 -9999.0 -4.119893789291382 0.30412543 3.5 256 1744 261 1748 1.6459243882285897 1.3379994143570086 -0.2152312220848549 0.6206160491070601 0.763443600939295 0.1996651855919957 1.1963392842597405 0.16411672411244893 -27.211261160935017
4600.5484640641025 1751.332503592905 43.484234684647966 14.962543448360547 96 5.563532655925691 1 28.238324177543593 0.2758160129958775 0.11952663657770812 0.030365073544874888 22.6747915216179 0.005129000378868439 20.085274024326285 0.09488567567509065 0.1860685666573459 0.17166224 50.0 5.249751304139328 22.103999213070534 33.977755323052406 5.8501883 3.5 4596 1747 4605 1755 5.816701308087681 4.123427400597557 3.3129443272556975 0.3169637406097696 0.44712401250329503 -0.5093254345871141 2.3260047087343203 0.5700782564003737 37.83231779731253
4574.949873877561 1752.115375939722 43.484602696735074 14.962554364954746 97 0.6053425854704741 16 23.946390916670236 0.005242557822633664 6.226414132478436 0.030065705182998642 23.34104833119976 0.009386942447406852 10.873642176120299 0.09401331242602656 0.17924607322927105 0.17166224 20.0 2.6684523637501854 23.328576235954632 10.99927031993866 3.3281145 3.5 4573 1750 4577 1754 1.3433623532529484 1.224864935737712 0.08236453623796028 0.7474825620897612 0.8197964561861433 -0.10052709123460275 1.082396417780981 0.07612406732637 27.13537431910785
2457.608662821443 1758.8905242000353 43.51504227347128 14.962650010150272 98 1.152843724521965 0 23.829375935840158 0.00519653585008578 6.934960559847486 0.03319312072227909 22.676532211318193 0.005616016563999143 20.053098420239007 0.10372896093540325 0.180774826941819 0.17166224 23.0 3.0223042074109587 22.627783454714592 20.97398668527603 4.594233 3.5 2455 1757 2460 1761 1.9429489025482183 1.3515616207273005 -0.5629343794328117 0.5853145744659682 0.8414239444681497 0.48757480487300825 1.502471910977594 0.3344301529408673 -31.144156779076823
275.1030915831893 1761.5714615953484 43.54641868991014 14.962684616976905 99 -9999.0 24 1.7976931348623157e+308 1.7976931348623157e+308 0.0 0.002905252306196568 1.7976931348623157e+308 1.7976931348623157e+308 0.0 0.008715756918589702 0.0 0.17166224 15.0 2.3519368698440712 -9999.0 -2.5749336183071136 0.24043222 3.5 273 1760 277 1763 1.0731292968660566 0.9219762142258763 -0.04125787583695428 0.9334601315959679 1.0864959412354904 0.08354354833431349 1.0903854983811483 0.08289315890145266 -14.315250621196206
265.1133775005869 1766.961586894348 43.546562317539525 14.962759457926389 100 -9999.0 24 1.7976931348623157e+308 1.7976931348623157e+308 0.0 0.0029052523061965678 1.7976931348623157e+308 1.7976931348623157e+308 0.0 0.008715756918589702 0.0 0.17166224 26.0 3.4357913064515984 -9999.0 -4.46321827173233 0.31654376 3.5 262 1765 268 1769 3.07871187600763 1.178919920154413 0.5684369762157018 0.35655327219483507 0.9311275301818989 -0.3438368636263262 1.779517594636609 0.4380499507203762 15.448577956876314
4592.990504686137 1768.0254358832813 43.484343310889614 14.962775307471187 101 -9999.0 0 -9999.0 -0.9797775054185416 -0.035839592468064785 0.032343028924728436 -9999.0 -1.7944781978326974 -0.061117847398036496 0.10101744925323969 0.18241684306032802 0.17166224 23.0 3.4492382809736353 28.70317540802282 0.07789762318134308 0.5413019 3.5 4590 1766 4596 1770 2.6065483951813206 1.684475593880788 -1.3367229182023932 0.6469200271330978 1.0010405402488534 1.0267323903704184 2.2058847814556826 0.5466671657528317 -35.48533021839788
276.00255099187734 1769.8954317711973 43.546405777834615 14.962800229612832 102 -9999.0 24 1.7976931348623157e+308 1.7976931348623157e+308 0.0 0.0029052523061965678 1.7976931348623157e+308 1.7976931348623157e+308 0.0 0.008715756918589706 0.0 0.17166224 19.0 2.6075442742282418 -9999.0 -3.2615825831890106 0.27059755 3.5 274 1768 278 1772 1.1001337344990383 1.3521907258586516 -0.0012054565028432485 0.9089812860686552 0.7395413662502675 0.001620684687891903 1.1086597969888337 0.09801004535742908 -89.7259926675672
273.4626257606399 1784.25062248694 43.546442325177026 14.962999601661632 103 -9999.0 24 1.7976931348623157e+308 1.7976931348623157e+308 0.0 0.002905252306196568 1.7976931348623157e+308 1.7976931348623157e+308 0.0 0.008715756918589706 0.0 0.17166224 24.0 2.919624154677681 -9999.0 -4.119893789291382 0.30412543 3.5 271 1782 276 1787 1.5501387834734965 1.524318360567418 -0.32578065155814107 0.6754419040465645 0.6868832118875836 0.28871383994620464 1.2403114976839449 0.19375092316138542 -43.865319692941554
4593.387226511451 1794.3858226246543 43.48433756108085 14.963141423221797 104 0.3954191370927447 16 23.569082873494185 0.004352680855591561 8.813760000528088 0.03533525321919248 23.17366373640144 0.009459605630052005 12.686121757149175 0.11053302827434242 0.18149822071036686 0.17166224 30.0 3.010710978418374 23.145481922574742 13.019718691706657 3.628874 3.5 4591 1792 4596 1797 1.6582946871507986 1.6109895463385593 -0.14512401690470847 0.6078209409218731 0.6256690115467178 0.10950960756494445 1.0943882195139727 0.08624747400505772 -40.37161104302667
309.75018679356685 1797.3673582476233 43.54592067193478 14.963181857300382 105 2.447473502749098 1 26.79874570758282 0.3768957512364793 0.45008660365553554 0.15624549010429084 24.351272204833723 0.12357243017162357 4.288303237654315 0.48808699676686473 -0.1432670155824241 0.17166224 16.0 2.400721994016707 -9999.0 -2.746595859527588 0.24831736 3.5 308 1796 312 1799 1.1404670976382651 0.9382638898771324 0.058543360231180605 0.8796511748670324 1.0692228840503148 -0.1097723916770699 1.1194981713122836 0.10674262305601356 15.036594513043447
2547.6567523321014 1799.9157921250476 43.513747718665904 14.963219821893013 106 0.5430448731231508 16 23.595089422944103 0.004398539357872287 8.605153082627535 0.034862397084326466 23.052044549820952 0.008332629998934625 14.189809006268229 0.10890524841556908 0.1769461967432458 0.17166224 15.0 2.366476857883518 23.059907099891834 14.087422177195549 3.7610142 3.5 2546 1798 2549 1802 0.7953272993790335 1.2245224799904169 0.0704969163888979 1.2637931565480331 0.8208336021556072 -0.14551553270091916 1.2554651370204488 0.20348246198754294 80.90713032909308
4578.942563954907 1804.9154031851438 43.48454520431686 14.963287691826121 107 1.254707180543022 1 24.30871786431783 0.00698286781101443 4.459716214850587 0.028683438153209246 23.05401068377481 0.006876594584825558 14.164136269624514 0.08971264877077573 0.18158311299426816 0.17166224 28.0 3.451367548226675 22.91887751461842 16.041440472006798 4.0186253 3.5 4577 1802 4581 1808 1.4024147786534524 2.893908674371845 -0.7957184551594496 0.8448647030485636 0.4094292110911726 0.4646134429065732 1.7499429912479556 0.42855281286228686 -66.57161260640095
1187.432188934268 1808.897652378698 43.53330281602337 14.963343545167433 108 0.8024548432368093 16 24.091318371961517 0.00454842894947506 5.448375371047833 0.022825410578687373 23.288863528724708 0.006783758167556178 11.409036206529223 0.07128685875470826 0.1746439493886412 0.17166224 15.0 2.3787385365779805 23.299793857688794 11.294755309820175 3.3693564 3.5 1186 1807 1189 1811 0.9377256610460747 1.1031096709357013 -0.07134136708971416 1.0716829387799458 0.9110105900411436 0.13861781462659345 1.1134236068323229 0.10186923120393665 -69.60723917738463
319.66171925732795 1828.3895480725648 43.54577824916472 14.963612742268344 109 2.6173629444583923 1 26.720846164238008 0.34940721834539834 0.48356616319742346 0.15562448924082956 24.103483219779616 0.09797904096087384 5.387671178961091 0.48621060617771783 -0.1539238903696845 0.17166224 34.0 3.0481055661310164 -9999.0 -4.390334337949753 0.4706204 3.5 317 1826 323 1831 1.7478396688056643 1.6031613172956487 -0.08683947642412686 0.57367877604373 0.6254507959389579 0.06214965893926225 1.069892811530813 0.06532692880776503 -25.102482574863224
4622.430398167785 1830.498497464164 43.48391996152057 14.96364293833721 110 -9999.0 0 -9999.0 -2.134644008757871 -0.016944070580156456 0.03331450561656211 -9999.0 -0.4960935647456525 -0.22766209570938578 0.10402661934045786 0.18559868583405342 0.17166224 16.0 2.4071162678656823 29.485758044043347 0.0378870815038681 0.41009995 3.5 4621 1829 4624 1832 1.0428206102562485 1.0469984388318805 -0.005647292622698894 0.9589657133480507 0.955139160975397 0.010344924686714238 1.005779161721672 0.005745954918949914 -55.14963103393276
1314.9455638851334 1838.8297294237766 43.53146967507278 14.963759435203874 111 1.2450810667818075 0 23.47665760048633 0.0031282317271400925 9.596907959484364 0.027651609064476623 22.231576533704523 0.003102956125095851 30.210906471190672 0.08634348096111169 0.18441774072283407 0.17166224 47.0 3.9070302568799318 22.108132311053314 33.84865726530552 5.8335056 3.5 1312 1835 1318 1842 2.6148832218178533 2.890760404923812 0.057189845571232016 0.3825917981948368 0.3460794855916701 -0.015138138614541686 1.0557985140247905 0.052849585677178124 78.74046233557868
298.03913854955596 1864.4916291963384 43.54608918474486 14.964114113332984 112 -9999.0 24 1.7976931348623157e+308 1.7976931348623157e+308 0.0 0.0029052523061965678 1.7976931348623157e+308 1.7976931348623157e+308 0.0 0.008715756918589706 0.0 0.17166224 22.0 2.8267924870571943 -9999.0 -3.7765693068504333 0.2911779 3.5 296 1862 300 1867 1.2500535164608022 1.632002412277097 0.34306132041856935 0.8489403971405012 0.6502569608524141 -0.3569095381339861 1.3225062562493883 0.24385990971718507 59.55184670570849
3190.489808587073 1906.8428946486051 43.50450606721681 14.964704825461613 113 2.138223258898776 1 25.221900076058095 0.1771349023089486 1.923243792753745 0.31378244574534986 23.08367681715932 0.07722639781978524 13.782361692835046 0.9803464557309091 0.35047567336737706 0.17166224 778.0 23.221725028313948 19.969489577290037 242.66019314527512 15.673496 3.5 3179 1875 3201 1934 24.880360998696453 169.61242798408531 -38.838882475028434 0.06255161239833232 0.009175664283675455 0.028646895176694415 3.4447300128520504 0.7097014871211768 -75.88876240665584
2569.4153270995844 1880.4054870678942 43.51343491959799 14.964337737141424 114 1.3620705985568478 1 24.405868663666414 0.009174906390661514 4.077997022885878 0.03446185958033919 23.043798065109566 0.00818909011473169 14.29799509723993 0.10784523377663228 0.1755174786916801 0.17166224 28.0 4.202438979080817 22.69293521910463 19.752418667078018 4.4564924 3.5 2565 1879 2574 1882 5.503291706341401 0.8663848458416201 -0.8393824189734981 0.21321642770950608 1.3543544810385206 0.41314231594583983 2.803150947267611 0.6432585976239502 -9.951245345048314
2578.5210983148727 1882.4152068477224 43.51330401125492 14.964365650987322 115 0.22118103095144193 16 22.874536999207354 0.002156237997096776 16.710120056889863 0.03318688017197648 22.653355968255912 0.005508798788290542 20.48575538200585 0.10394391123294672 0.17968639334405423 0.17166224 18.0 2.4905847578662867 22.644221395069483 20.658834278583527 4.555186 3.5 2576 1881 2581 1884 1.3128044093238793 0.9244594107153544 -0.013471078499284809 0.7618420088381271 1.0818750253587996 0.022202886110856444 1.192183026811462 0.16120261947149395 -1.9843211312525335
4616.557813170651 1894.8971513859183 43.484004273340844 14.964537374067351 116 0.7560692600558028 16 24.41200173012442 0.008205232905754553 4.055026323449256 0.030646067443001503 23.655932470068617 0.012773798414227025 8.13619561939738 0.09572637257151986 0.18222498502137313 0.17166224 15.0 2.3898653078238263 23.645299938476033 8.216264173388481 2.8764684 3.5 4615 1893 4618 1897 0.9549175026261685 1.1050548775997688 0.07199947720447053 1.0523807788678214 0.9093999271339467 -0.13713502819533194 1.1066448005941183 0.09636768775027393 68.09777475654438
333.2956137403088 1955.444021230714 43.545582523882196 14.965377416531904 117 -9999.0 24 1.7976931348623157e+308 1.7976931348623157e+308 0.0 0.002905252306196568 1.7976931348623157e+308 1.7976931348623157e+308 0.0 0.008715756918589706 0.0 0.17166224 236.0 8.890114186194923 -9999.0 -40.51228892803192 0.9536809 3.5 326 1944 341 1965 7.650022001144641 20.855514939703205 4.455750060369269 0.1492970149735574 0.0547637137013884 -0.06379417486498626 1.879863302441773 0.4680464272582532 72.99361537769704
2603.383193734342 1950.1217134989156 43.512946589170156 14.965306021651491 118 0.4044431901269263 16 23.380963832909874 0.0030753452592540776 10.481147593813553 0.029688816030373755 22.976520642782948 0.006620303420053254 15.211992854590772 0.09275859659304866 0.18046304803738478 0.17166224 15.0 2.33316971819019 22.983097425065626 15.120125636458397 3.8958867 3.5 2602 1948 2605 1952 0.9251350833511729 1.0382577885213342 0.04017052702092444 1.0827422150927053 0.9647727380251102 -0.08378328752057003 1.0733517588279056 0.06833897482779105 72.30859480552942
