UGC2369/hst/hst_10592_11_acs_wfc_f814w_j9cv11/hst_10592_11_acs_wfc_f814w_j9cv11_segment-cat.ecsv
# %ECSV 1.0
# ---
# datatype:
# - {name: X-Centroid, unit: pix, datatype: float64, format: 10.3f, description: Pixel Coordinate}
# - {name: Y-Centroid, unit: pix, datatype: float64, format: 10.3f, description: Pixel Coordinate}
# - {name: RA, unit: deg, datatype: float64, format: 13.7f, description: Sky coordinate at epoch of observation}
# - {name: DEC, unit: deg, datatype: float64, format: 13.7f, description: Sky coordinate at epoch of observation}
# - {name: ID, unit: '', datatype: int64, format: 7d, description: Catalog Object Identification Number}
# - {name: CI, unit: mag(AB), datatype: float64, format: 7.3f, description: Concentration Index}
# - {name: Flags, unit: '', datatype: int64, format: 5d, description: Numeric encoding for conditions on detected sources}
# - {name: MagAp1, unit: mag(AB), datatype: float64, format: 7.3f, description: ABMAG of source based on the inner (smaller) aperture}
# - {name: MagErrAp1, unit: mag(AB), datatype: float64, format: 7.3f, description: Error of MagAp1}
# - {name: FluxAp1, unit: electron / s, datatype: float64, format: 10.4f, description: Flux of source based on the inner (smaller) aperture}
# - {name: FluxErrAp1, unit: electron / s, datatype: float64, format: 10.4f, description: Error of FluxAp1}
# - {name: MagAp2, unit: mag(AB), datatype: float64, format: 7.3f, description: ABMAG of source based on the outer (larger) aperture}
# - {name: MagErrAp2, unit: mag(AB), datatype: float64, format: 7.3f, description: Error of MagAp2}
# - {name: FluxAp2, unit: electron / s, datatype: float64, format: 10.4f, description: Flux of source based on the outer (larger) aperture}
# - {name: FluxErrAp2, unit: electron / s, datatype: float64, format: 10.4f, description: Error of FluxAp2}
# - {name: MSkyAp2, unit: electron / (pix s), datatype: float64, format: 7.3f, description: Sky estimate from an annulus outside Aperture
#     2}
# - {name: Bck, unit: electron / s, datatype: float32, format: 10.4f, description: Background at the position of the source centroid}
# - {name: Area, unit: pix2, datatype: float64, format: 8.3f, description: Total unmasked area of the source segment}
# - {name: FWHM, unit: pix, datatype: float64, format: 8.3f, description: Circularized FWHM of 2D Gaussian function having the same second-order
#     central moments as the source}
# - {name: MagSegment, unit: mag(AB), datatype: float64, format: 7.3f, description: Magnitude corresponding to FluxSegment}
# - {name: FluxSegment, unit: electron / s, datatype: float64, format: 10.4f, description: Sum of unmasked data values in the source segment}
# - {name: FluxSegmentErr, unit: electron / s, datatype: float32, format: 10.4f, description: 'Uncertainty of FluxSegment, propagated
#     from the input error array'}
# - {name: KronRadius, unit: pix, datatype: float64, format: 8.4f, description: The unscaled first-moment Kron radius}
# - {name: Xmin, unit: pix, datatype: int64, format: 8.0f, description: Minimum X pixel within the minimal bounding box containing the
#     source segment}
# - {name: Ymin, unit: pix, datatype: int64, format: 8.0f, description: Minimum Y pixel within the minimal bounding box containing the
#     source segment}
# - {name: Xmax, unit: pix, datatype: int64, format: 8.0f, description: Maximum X pixel within the minimal bounding box containing the
[...]
# - h12: [RA and Dec values in this table are in sky coordinates (i.e. coordinates at the epoch of observation]
# - h12.1: [and an undistorted a posteriori solution aligned by visit to GAIAEDR3).]
# - h13: [Magnitude values in this table are in the ABMAG system.]
# - h14: ['Column titles in this table ending with Ap1 refer to the inner photometric aperture ']
# - h14.1: ['(radius = 1.000000000000064 pixels, 0.05 arcsec.']
# - h15: ['Column titles in this table ending with Ap2 refer to the outer photometric aperture ']
# - h15.1: ['(radius = 3.000000000000192 pixels, 0.15 arcsec.']
# - h16: [CI = Concentration Index (CI) = MagAp1 - MagAp2.]
# - h17: ['Flag Value Identification:']
# - h17.1: ['    0 - Stellar Source (0.9 < CI < 1.23)']
# - h17.2: ['    1 - Extended Source (CI > 1.23)']
# - h17.3: ['    2 - Questionable Photometry (Single-Pixel Saturation)']
# - h17.4: ['    4 - Questionable Photometry (Multi-Pixel Saturation)']
# - h17.5: ['    8 - Faint Detection Limit']
# - h17.6: ['   16 - Hot pixels (CI < 0.9)']
# - h17.7: ['   32 - False Detection Swarm Around Saturated Source']
# - h17.8: ['   64 - False Detections Near Image Edge']
# - h17.9: ['  128 - Bleeding and Cosmic Rays']
# - h18: ['#=================================================================================================']
# schema: astropy-2.0
X-Centroid Y-Centroid RA DEC ID CI Flags MagAp1 MagErrAp1 FluxAp1 FluxErrAp1 MagAp2 MagErrAp2 FluxAp2 FluxErrAp2 MSkyAp2 Bck Area FWHM MagSegment FluxSegment FluxSegmentErr KronRadius Xmin Ymin Xmax Ymax X2 Y2 XY CXX CYY CXY Elongation Ellipticity Theta
[from data line 355]
1060.092861384819 4556.41469240535 43.535137706448964 15.00150331762846 356 -9999.0 24 1.7976931348623157e+308 1.7976931348623157e+308 0.0 0.0029052523061965678 1.7976931348623157e+308 1.7976931348623157e+308 0.0 0.008715756918589702 0.0 0.17166224 27.0 3.080889862078721 -9999.0 -4.634880512952805 0.3225737 3.5 1058 4554 1062 4559 1.4040254131858714 2.019447482783932 -0.22927820116106643 0.7256924138895909 0.5045392860885801 0.164783142588551 1.2561523181905312 0.203918198837156 -71.65494028346198
3022.756161885348 4573.8302980762555 43.50691669362883 15.001746375696916 357 0.37010833740500004 16 22.849924767894823 0.001545572505017041 17.093242843867667 0.024333467957134713 22.479816430489823 0.003432076109025267 24.03631006192311 0.07598272590278156 0.17868340882111566 0.17166224 21.0 2.651327944966566 22.47634043546279 24.11338585615158 4.9220886 3.5 3021 4572 3025 4576 1.1981915451439358 1.3371790330361408 0.032204491181642134 0.8351316952942582 0.7483274203838469 -0.04022646280288611 1.0623605502861755 0.058699986807093874 77.56812685428177
1336.0236258564355 4580.719161440608 43.53117014737384 15.00184125471393 358 1.2383385797341901 0 22.143265273092016 0.002826484802005005 32.77089184101141 0.08531493758567613 20.904926693357826 0.0028244461807741994 102.52356340301465 0.26671482646495914 0.19394645914693193 0.17166224 129.0 5.870161207489044 20.651046168238363 129.53165145218372 11.403017 3.5 1330 4575 1342 4587 6.422784017018337 6.005598283430602 0.4927983442778154 0.15668218056552094 0.16756628692003617 -0.02571358106770335 1.0901633609014816 0.08270628433790272 33.528957305613794
1398.9520391333062 4587.387030079128 43.530265310573235 15.001933939904488 359 1.4332575890254873 1 20.796881283724918 0.0031657350986291745 113.25095067986126 0.3302224459061972 19.36362369469943 0.002643700378382239 423.9795328201857 1.0323983156885417 0.22815104978719802 0.17166224 293.0 7.629005833185069 19.035823230471227 573.4097558706999 23.969542 3.5 1390 4579 1408 4596 10.838308011752282 10.153528799787036 0.5633236430107792 0.09253215118575633 0.09877274938761105 -0.010267474398196945 1.064909222051164 0.060952821805918656 29.354327356881296
3237.002033103573 4585.269837063018 43.50383605694431 15.001905175984044 360 1.6618340124991064 1 22.927444779995962 0.002265380686468618 15.915359677360701 0.03320838945500078 21.265610767496856 0.00153478773993566 73.54447682396624 0.1039653323840892 0.18324345092050437 0.17166224 88.0 5.675261445783153 20.777085273690258 115.33477172255516 10.764813 3.5 3232 4580 3242 4591 4.654751057019218 6.9620431034841905 -3.2939579808920025 0.3229684543009483 0.21593341662720372 0.30561273517210946 2.0027475055164192 0.500685934075277 -54.65091680180119
1089.983156164666 4603.248622351811 43.5347079864208 15.002153832635178 361 -9999.0 24 1.7976931348623157e+308 1.7976931348623157e+308 0.0 0.002905252306196568 1.7976931348623157e+308 1.7976931348623157e+308 0.0 0.008715756918589702 0.0 0.17166224 51.0 4.426100642037493 -9999.0 -8.754774302244186 0.44333515 3.5 1086 4600 1094 4607 3.890414521052829 3.175316770539173 -0.7272857735504544 0.26854040429325 0.3290170914741399 0.12301488624884824 1.263077518485851 0.20828295542875508 -31.91015248691297
1102.2736278492073 4609.344265125193 43.53453127112201 15.00223851215382 362 -9999.0 24 1.7976931348623157e+308 1.7976931348623157e+308 0.0 0.0029052523061965678 1.7976931348623157e+308 1.7976931348623157e+308 0.0 0.008715756918589706 0.0 0.17166224 53.0 3.75257438654446 -9999.0 -9.098098784685135 0.4519444 3.5 1099 4606 1106 4613 2.5350249447246886 2.5439160513181047 -0.08293506154439276 0.3948946205471163 0.3935144452215069 0.02574818429378229 1.033258044516456 0.032187549560303785 -46.534139515431356
1071.5717402938315 4617.278727903981 43.53497274510903 15.002348668174214 363 -9999.0 24 1.7976931348623157e+308 1.7976931348623157e+308 0.0 0.0029052523061965678 1.7976931348623157e+308 1.7976931348623157e+308 0.0 0.008715756918589706 0.0 0.17166224 40.0 3.76536249444607 -9999.0 -6.86648964881897 0.39262423 3.5 1069 4614 1075 4621 2.3309893439744176 2.7826268951942073 0.7040826697280986 0.46450342063755845 0.38911164325185155 -0.23506479367763064 1.3467371982701246 0.2574646328292606 53.8912409745273
1105.196823086186 4660.964437558405 43.53448931554457 15.002955462994526 364 -9999.0 24 1.7976931348623157e+308 1.7976931348623157e+308 0.0 0.0029052523061965678 1.7976931348623157e+308 1.7976931348623157e+308 0.0 0.008715756918589706 0.0 0.17166224 20.0 2.6335314108803956 -9999.0 -3.433244824409485 0.27762723 3.5 1103 4659 1107 4663 1.2164967966859337 1.2849516281965672 0.061892931607246494 0.8240520571640011 0.7801513036326603 -0.07938508578170402 1.058241854863337 0.05503643103481137 59.471518285377854
1115.2163411735912 4664.880227000973 43.53434525039071 15.003009863358319 365 -9999.0 24 1.7976931348623157e+308 1.7976931348623157e+308 0.0 0.002905252306196568 1.7976931348623157e+308 1.7976931348623157e+308 0.0 0.008715756918589706 0.0 0.17166224 22.0 2.7607359358380195 -9999.0 -3.7765693068504333 0.2911779 3.5 1113 4663 1117 4667 1.3988815853890244 1.3500522345792019 -0.1516789718790655 0.723672582428548 0.7498467270236777 0.1626098760749703 1.1187860696864385 0.10617406929255968 -40.42797125295948
1148.9545977644661 4671.621338517815 43.53386013661856 15.003103537755775 366 0.763771536054918 16 22.725451201420316 0.0017236218043349884 19.16963700955 0.03043308863484143 21.9616796653654 0.002663637030870014 38.736689611246305 0.09503590393463518 0.17956171131740184 0.17166224 33.0 3.2405184551001747 21.947274704253648 39.25405152142048 6.2762694 3.5 1146 4669 1152 4674 1.9963297371112703 1.7910909407604299 -0.27222377319111807 0.5115207059470666 0.5701352026250164 0.15548970012564006 1.167485407039502 0.1434582445567434 -34.672604520132076
1112.201639442249 4692.693107168583 43.53438864019426 15.003396148909516 367 -9999.0 24 1.7976931348623157e+308 1.7976931348623157e+308 0.0 0.002905252306196568 1.7976931348623157e+308 1.7976931348623157e+308 0.0 0.008715756918589702 0.0 0.17166224 40.0 3.3407298867470923 -9999.0 -6.86648964881897 0.39262423 3.5 1109 4690 1115 4696 1.9885246968737007 2.0367662114689797 0.005793716644284869 0.502889548970372 0.4909784354710125 -0.0028610053855961976 1.012402380702333 0.012250446007178617 83.24681630572897
1127.307880267841 4699.326247958606 43.534171436403746 15.003488297441228 368 -9999.0 24 1.7976931348623157e+308 1.7976931348623157e+308 0.0 0.0029052523061965678 1.7976931348623157e+308 1.7976931348623157e+308 0.0 0.008715756918589702 0.0 0.17166224 100.0 6.66303208359715 -9999.0 -17.166224122047424 0.6207934 3.5 1120 4695 1135 4703 12.790626566518798 3.2218444469175336 -3.0103761574357035 0.10022210409529288 0.3978787704726445 0.18728789523352887 2.4090488771322027 0.5848984180053551 -16.089211402180123
1390.7364672428344 4734.791102895493 43.53038362259521 15.003981208392133 369 2.0070625688216666 1 25.68157423521156 0.08954586872469146 1.259402861613287 0.10387245400895657 23.674511666389893 0.0440342356528535 7.998152919374752 0.32439214372230446 0.22472708308536193 0.17166224 73.0 6.054478940321251 22.709803911715053 19.447904139757156 4.4417605 3.558725768018595 1385 4730 1396 4739 7.866516417460691 5.354598905110893 -3.4912965133682596 0.17888680680428848 0.2628051190257939 0.23327494587401204 1.886439724081774 0.4699008999681923 -35.10715808055963
1180.5932343408622 4859.34294216041 43.533405470182494 15.005710825348416 370 2.631701755016465 1 26.650628254289575 0.3280655093445689 0.5158733206897891 0.15588122290629988 24.01892649927311 0.09077569687353068 5.824032236209156 0.4869490511704829 -0.16114766461364294 0.17166224 27.0 2.9694321536320585 -9999.0 -3.454130470752716 0.3614182 3.5 1178 4857 1183 4862 1.5390062914395852 1.641244441132413 -0.05951730868059835 0.6506824424986444 0.6101494376082995 0.047192077929009826 1.050619623308365 0.04818073276507573 -65.32954615050589
1179.4585702592674 4897.280185925169 43.53342183972352 15.006237729759988 371 -9999.0 24 1.7976931348623157e+308 1.7976931348623157e+308 0.0 0.002905252306196568 1.7976931348623157e+308 1.7976931348623157e+308 0.0 0.008715756918589702 0.0 0.17166224 18.0 2.5756142692133883 -9999.0 -3.0899203419685364 0.26338032 3.5 1178 4895 1181 4899 0.99680093500627 1.3958326390121087 -0.020462708682936526 1.003511331712316 0.7166339328819392 0.029422667828412394 1.1844134456825934 0.15570022980979703 -87.07205794811735
1158.169262610357 4912.139486337481 43.53372798545697 15.006444079343249 372 -9999.0 24 1.7976931348623157e+308 1.7976931348623157e+308 0.0 0.0029052523061965678 1.7976931348623157e+308 1.7976931348623157e+308 0.0 0.008715756918589702 0.0 0.17166224 22.0 2.7670944566169196 -9999.0 -3.7765693068504333 0.2911779 3.5 1156 4910 1160 4914 1.3884596401442937 1.373151438492238 0.12390361868719192 0.7260690679970997 0.7341634495741414 -0.13103082794780307 1.0943354758176997 0.08620343386675944 43.23253306204976
1175.7368869571005 4925.494875545995 43.5334753949729 15.006629595174259 373 -9999.0 24 1.7976931348623157e+308 1.7976931348623157e+308 0.0 0.0029052523061965678 1.7976931348623157e+308 1.7976931348623157e+308 0.0 0.008715756918589702 0.0 0.17166224 18.0 2.503891642603995 -9999.0 -3.0899203419685364 0.26338032 3.5 1174 4924 1178 4927 1.307171559343995 0.9540629712637269 -0.020635888934337553 0.7652718321803996 1.0485068641415383 0.03310486835587795 1.1717934448853513 0.14660727591129308 -3.3332775608110756
1181.9433548512204 4940.28805593518 43.533386171455895 15.00683506448375 374 -9999.0 24 1.7976931348623157e+308 1.7976931348623157e+308 0.0 0.0029052523061965678 1.7976931348623157e+308 1.7976931348623157e+308 0.0 0.008715756918589706 0.0 0.17166224 196.0 13.089509593810627 -9999.0 -33.64579927921295 0.8691107 3.5 1172 4931 1191 4953 24.820545310475733 36.97558767965294 -26.993708871981685 0.19554084860926402 0.13126040172786427 0.28550581998421193 4.259099260668298 0.7652085713909637 -51.34416823522113
1164.9544286718537 4955.470422260602 43.53363048197544 15.007045907121206 375 -9999.0 24 1.7976931348623157e+308 1.7976931348623157e+308 0.0 0.002905252306196568 1.7976931348623157e+308 1.7976931348623157e+308 0.0 0.008715756918589706 0.0 0.17166224 49.0 4.9347414920902395 -9999.0 -8.411449819803238 0.43455538 3.5 1162 4950 1169 4960 3.2894951083056987 5.49351457445929 -2.734830765929848 0.5186676007585932 0.31057613708069143 0.5164155269344072 2.255363218701418 0.5566124375408698 -55.97357229740119
1188.1735478551143 4995.803314100736 43.53329666420915 15.007606117985413 376 -9999.0 24 1.7976931348623157e+308 1.7976931348623157e+308 0.0 0.0029052523061965678 1.7976931348623157e+308 1.7976931348623157e+308 0.0 0.008715756918589702 0.0 0.17166224 42.0 3.323380994136563 -9999.0 -7.209814131259918 0.40232012 3.5 1185 4993 1191 4999 1.9971094131201268 1.9864822186260178 0.028615288604190197 0.5008270633806017 0.5035063657979877 -0.01442883387029506 1.0147205008656366 0.014506951276808566 39.740256861988556
1194.8064801000903 5022.798266493573 43.53320132501181 15.0079810567918 377 -9999.0 24 1.7976931348623157e+308 1.7976931348623157e+308 0.0 0.0029052523061965678 1.7976931348623157e+308 1.7976931348623157e+308 0.0 0.008715756918589702 0.0 0.17166224 30.0 3.2735120295673497 -9999.0 -5.149867236614227 0.34002253 3.5 1192 5020 1198 5025 2.0654290735491885 1.7995080236000536 -0.5435416114780568 0.5259691300076527 0.6036938533532339 0.31773807592158887 1.3472791383701859 0.25776331606402825 -38.12715134777155
1227.8386079748457 5084.736444376357 43.53272642918442 15.00884135344418 378 -9999.0 24 1.7976931348623157e+308 1.7976931348623157e+308 0.0 0.0029052523061965678 1.7976931348623157e+308 1.7976931348623157e+308 0.0 0.008715756918589702 0.0 0.17166224 18.0 2.5582536878828055 -9999.0 -3.0899203419685364 0.26338032 3.5 1226 5083 1230 5087 1.2572938550381143 1.10319397320314 -0.09067537186540077 0.8001018183825487 0.9118642089172869 0.13152633475937553 1.1064560613353414 0.09621354616365296 -24.822157306018386
1280.9739249594907 5109.6276613505715 43.53196240686236 15.009187134216582 379 0.6760893525381348 16 22.96861866552526 0.0026321971658935443 15.32310944895559 0.03714971471328865 22.292529312987124 0.0044213095004723025 28.561607366691277 0.11631178594373384 0.17697226355652518 0.17166224 25.0 2.8796705240926754 22.288567720742368 28.666012212634087 5.3630548 3.5 1279 5107 1283 5112 1.4102340990168727 1.580653897032267 0.02846191349036376 0.7093599180375829 0.6328795612819675 -0.025546061232789997 1.0619922994452997 0.058373586585966364 80.7647936808437
1250.5674303638725 5110.5629513090735 43.53239963678382 15.009200084850466 380 2.637998578981268 1 26.621843835171806 0.3364302582858306 0.5297327650769358 0.1641504384059139 23.983845256190538 0.09249268029526161 6.015285812294474 0.5124527102525337 -0.16685692141453426 0.17166224 32.0 3.0673201207386454 -9999.0 -4.013255745172501 0.39851803 3.5 1248 5108 1253 5113 1.7104054551734789 1.6829765663359024 -0.056879248914590716 0.58531453407568 0.5948538988008425 0.0395635349213454 1.0350999794291242 0.033909747972831084 -38.22193623580629
1240.9182387522098 5145.612401552074 43.53253843470168 15.009686869854926 381 -9999.0 24 1.7976931348623157e+308 1.7976931348623157e+308 0.0 0.0029052523061965678 1.7976931348623157e+308 1.7976931348623157e+308 0.0 0.008715756918589702 0.0 0.17166224 17.0 2.5076175315449354 -9999.0 -2.918258100748062 0.25595966 3.5 1239 5144 1243 5147 1.3210944823462385 0.9468746665117859 -0.1119009340847681 0.7646019195929926 1.0667846684364448 0.18072015659824955 1.2149237642478137 0.17690308690346324 -15.440750404246376
1259.143413771263 5203.0364908298025 43.532276443522356 15.010484450237486 382 -9999.0 24 1.7976931348623157e+308 1.7976931348623157e+308 0.0 0.0029052523061965678 1.7976931348623157e+308 1.7976931348623157e+308 0.0 0.008715756918589706 0.0 0.17166224 86.0 5.137493034614772 -9999.0 -14.762952744960785 0.57570016 3.5 1256 5198 1263 5209 2.6382568710544487 6.881306729923324 -0.5785019209207883 0.38615659257462265 0.14805041013980838 0.06492729923205584 1.6484603870230867 0.3933733513573383 -82.3736445710193
1315.2572094162151 5202.943901765611 43.53146955302148 15.010483236093432 383 1.4490432920247542 1 24.13352813427024 0.005984417249400397 5.2406253844635735 0.028886514643482904 22.684484842245485 0.004922170055597488 19.906753235302666 0.09024999970431535 0.17767950677380118 0.17166224 23.0 3.082390246139422 22.669263179256905 20.187804862856865 4.5029373 3.5 1313 5201 1318 5205 2.0947171171308767 1.3320910326981925 -0.5769003205739696 0.5420424825740899 0.8523634185572291 0.4694941626148626 1.5340971742399416 0.3481508102669941 -28.26827271539925
1248.547857540374 5206.0070232734815 43.53242880674459 15.01052569373486 384 -9999.0 24 1.7976931348623157e+308 1.7976931348623157e+308 0.0 0.0029052523061965678 1.7976931348623157e+308 1.7976931348623157e+308 0.0 0.008715756918589702 0.0 0.17166224 16.0 2.422804119502943 -9999.0 -2.746595859527588 0.24831736 3.5 1247 5204 1250 5208 0.8931284600333156 1.2240192273952342 0.014937304236285363 1.1198883319533464 0.817147409894245 -0.027333088158511088 1.171440354592241 0.14635005010726 87.42050724101041
1248.768918455967 5214.258484942534 43.532425639194386 15.01064029760846 385 -9999.0 24 1.7976931348623157e+308 1.7976931348623157e+308 0.0 0.0029052523061965678 1.7976931348623157e+308 1.7976931348623157e+308 0.0 0.008715756918589706 0.0 0.17166224 17.0 2.467723117147653 -9999.0 -2.918258100748062 0.25595966 3.5 1247 5212 1251 5216 1.1004748535478863 1.0959047732095644 0.026717815353147188 0.9092368155028485 0.913028463641435 -0.044333817942488855 1.024723304345251 0.0241268098816666 42.555837999465126
