UGC2369/hst/hst_10592_11_acs_wfc_f814w_j9cv11/hst_10592_11_acs_wfc_f814w_j9cv11_point-cat.ecsv
# %ECSV 1.0
# ---
# datatype:
# - {name: X-Center, unit: pix, datatype: float64, format: 10.3f, description: Pixel Coordinate}
# - {name: Y-Center, unit: pix, datatype: float64, format: 10.3f, description: Pixel Coordinate}
# - {name: RA, unit: deg, datatype: float64, format: 13.7f, description: Sky coordinate at epoch of observation}
# - {name: DEC, unit: deg, datatype: float64, format: 13.7f, description: Sky coordinate at epoch of observation}
# - {name: ID, unit: '', datatype: int64, format: 7d, description: Catalog Object Identification Number}
# - {name: MagAp1, unit: mag(AB), datatype: float64, format: 7.3f, description: ABMAG of source based on the inner (smaller) aperture}
# - {name: MagErrAp1, unit: mag(AB), datatype: float64, format: 7.3f, description: Error of MagAp1}
# - {name: MagAp2, unit: mag(AB), datatype: float64, format: 7.3f, description: ABMAG of source based on the outer (larger) aperture}
# - {name: MagErrAp2, unit: mag(AB), datatype: float64, format: 7.3f, description: Error of MagAp2}
# - {name: MSkyAp2, unit: electron / (pix s), datatype: float64, format: 7.3f, description: Sky estimate from an annulus outside Aperture
#     2}
# - {name: StdevAp2, unit: electron / (pix s), datatype: float64, format: 7.3f, description: Standard deviation of sky estimate from annulus
#     outside Aperture 2}
# - {name: FluxAp2, unit: electron / s, datatype: float64, format: 10.4f, description: Flux of source based on the outer (larger) aperture}
# - {name: CI, unit: mag(AB), datatype: float64, format: 7.3f, description: Concentration Index}
# - {name: Flags, unit: '', datatype: int64, format: 5d, description: Numeric encoding for conditions on detected sources}
# meta: !!omap
# - h00: [' #==================================================================================================']
# - h01: [' # All refereed publications based on data obtained from the HAP must carry the following footnote: ']
# - h02: [' #                                                                                                  ']
# - h03: [' #     Based on observations made with the NASA/ESA Hubble Space Telescope                          ']
# - h04: [' #     and obtained from the Hubble Advanced Products collection generated                          ']
# - h05: [' #     by the Space Telescope Science Institute (STScI/NASA).                                       ']
# - h06: [' #                                                                                                  ']
# - h07: [' # One copy of each paper resulting from data obtained from the HAP should be sent to the STScI.    ']
# - h08: [' #==================================================================================================']
# - {WCSNAME: IDC_4bb1536oj-FIT_SVM_GAIAeDR3}
# - {WCSTYPE: undistorted a posteriori solution aligned by visit to GAIAEDR3}
# - {Proposal ID: 10592}
# - {Image File Name: HST_10592_11_ACS_WFC_F814W_J9CV11_DRC.FITS}
# - {Target Name: UGC02369}
# - {Date Observed: '2006-07-22'}
# - {Time Observed: '17:09:23'}
# - {Instrument: ACS}
# - {Detector: WFC}
# - {Target RA: 43.5075}
# - {Target DEC: 14.97361111111}
# - {Orientation: 0.0}
# - {Aperture RA: 43.50828864504}
# - {Aperture DEC: 14.97395622954}
# - {Aperture PA: 72.775146}
# - {Aper1 (arcsec): 0.05}
# - {Aper2 (arcsec): 0.15}
[...]
# - h10.4: ['the selected aperture. For details, see Whitmore et al., 2016 AJ, 151, 134W.']
# - h10.5: [' ']
# - h11: ['The X and Y coordinates in this table are 0-indexed (i.e. the origin is (0,0)).']
# - h12: [RA and Dec values in this table are in sky coordinates (i.e. coordinates at the epoch of observation]
# - h12.1: [and an undistorted a posteriori solution aligned by visit to GAIAEDR3).]
# - h13: [Magnitude values in this table are in the ABMAG system.]
# - h14: ['Column titles in this table ending with Ap1 refer to the inner photometric aperture ']
# - h14.1: ['(radius = 1.000000000000064 pixels, 0.05 arcsec.']
# - h15: ['Column titles in this table ending with Ap2 refer to the outer photometric aperture ']
# - h15.1: ['(radius = 3.000000000000192 pixels, 0.15 arcsec.']
# - h16: [CI = Concentration Index (CI) = MagAp1 - MagAp2.]
# - h17: ['Flag Value Identification:']
# - h17.1: ['    0 - Stellar Source (0.9 < CI < 1.23)']
# - h17.2: ['    1 - Extended Source (CI > 1.23)']
# - h17.3: ['    2 - Questionable Photometry (Single-Pixel Saturation)']
# - h17.4: ['    4 - Questionable Photometry (Multi-Pixel Saturation)']
# - h17.5: ['    8 - Faint Detection Limit']
# - h17.6: ['   16 - Hot pixels (CI < 0.9)']
# - h17.7: ['   32 - False Detection Swarm Around Saturated Source']
# - h17.8: ['   64 - False Detections Near Image Edge']
# - h17.9: ['  128 - Bleeding and Cosmic Rays']
# - h18: ['#=================================================================================================']
# schema: astropy-2.0
X-Center Y-Center RA DEC ID MagAp1 MagErrAp1 MagAp2 MagErrAp2 MSkyAp2 StdevAp2 FluxAp2 CI Flags
[from data line 139]
3032.686052831751 2334.363982548196 43.50678249528036 14.970640703818464 140 27.725281498753308 1.3271230600706088 26.861251645084668 1.8708933990628231 0.7823523305305817 0.1315124174439345 0.4249068297822127 0.8640298536686402 8
3037.021497681591 2332.9084127981105 43.50672016562961 14.970620486290247 141 27.068402509788445 0.5422203831595426 24.77795152007724 0.2060139449742567 0.7237079637700861 0.09835539591730853 2.8947679914683953 2.2904509897112035 1
3021.6869109869917 2336.9619962034194 43.50694062767914 14.970676790517397 142 26.128443290006356 0.6797269153851185 23.8756519813812 0.26673777953596045 0.9582338324964863 0.2931812885986236 6.645590510364094 2.252791308625156 1
3028.3811275134562 2337.552067716144 43.50684438564775 14.970684984034841 143 27.181742519802928 1.084621812030554 24.99561584949763 0.45320018043160054 0.7539826130613367 0.17728289419035273 2.368907102530244 2.186126670305299 1
3047.7580077492817 2337.191086184554 43.506565806940515 14.970679964617059 144 26.143854333818435 0.34646989472430795 24.19427637279092 0.17978657758828692 0.5451071719123735 0.1473245251962139 4.955458240918892 1.949577961027515 1
2952.3467245093198 2344.2689396225705 43.507937520578174 14.970778293358064 145 25.727291602876367 0.44061050337699825 23.835839518914714 0.24121174471505588 0.6990206255945552 0.27498464400859773 6.893798136470867 1.8914520839616529 1
2976.8759456430444 2346.3717923204254 43.50758486655366 14.97080749394363 146 19.000505257238014 0.0038920037105486705 17.69215738997241 0.0036464989720520137 4.115442051607019 1.1916056591040127 1976.6574510237733 1.3083478672656028 5
2988.2910225431765 2345.4181087906254 43.507420753672335 14.970794245501104 147 22.09490225598368 0.09075807418321061 20.454616698985166 0.06279709529385774 1.9337558922292564 1.60668567454143 155.22000398895216 1.6402855569985135 1
3005.9043865455747 2344.7126472956593 43.50716752875526 14.970784442815622 148 26.903418416862745 1.2042806025493344 25.516229031543805 1.05249824214295 1.4961769376228107 0.25429061276257187 1.4665698661694222 1.3871893853189405 9
2623.4072487093 2347.150658776107 43.512666641848725 14.970818341357008 149 22.402723040386437 0.001498638329819418 21.839906599864474 0.0027944255676711754 0.18902257678733358 0.01991636547272741 43.334294444446336 0.5628164405219636 16
3221.431642910457 2348.102915529888 43.50406891908933 14.970831450853614 150 24.651358092731666 0.011791334554494496 23.41083859177758 0.011753428259798488 0.3085797153592519 0.01975713522470154 10.196683357190041 1.2405195009540861 0
2957.7096635996477 2348.406834064141 43.507860417315236 14.97083576291343 151 25.354855496089858 0.5093754959522385 22.937541055695572 0.17224572123332546 0.6400537805242852 0.4478349472785209 15.76804851753241 2.4173144403942857 1
2913.333095500763 2351.6504692260987 43.50849841314024 14.970880822554369 152 -9999.0 -12.843069981175057 -9999.0 -1.2122216857182821 0.946905482413521 0.1937894198155446 -0.9685659310595298 -9999.0 0
2998.2543165546626 2350.7169662915544 43.50727751120872 14.970867838170554 153 29.024032122133196 16.909521396890757 23.933670214495994 0.4883970148331996 1.5488968678103148 0.5063345108426336 6.2997930654697285 5.090361907637202 1
2894.9250457669245 2350.560683307162 43.50876306365004 14.970865689915433 154 24.457084763942508 0.06278462772751801 22.941563924878775 0.04871675765226077 0.9388141282748828 0.1261851372156015 15.709732855213122 1.5155208390637327 1
3011.858630511726 2350.823967811494 43.507081923604225 14.970869320645138 155 27.174999974370575 1.5332714145996527 24.799396841869946 0.5384614833934297 1.1031977661249872 0.2521567860341218 2.8381518843157743 2.375603132500629 1
3045.1698616160415 2352.213004683911 43.50660301162775 14.9708886031643 156 25.896492441358415 0.0807249593535076 24.228970283832542 0.05426977700807962 0.6360352007226913 0.043084872826623294 4.79961339067858 1.6675221575258732 1
2963.7528953503474 2355.0653168185463 43.507773532919956 14.970928240456248 157 25.22325908116756 1.1235267342436164 22.75523200007652 0.36146656022678014 0.8817819158909685 1.1155489574458193 18.650976282780547 2.468027081091037 1
3002.220508256811 2354.8810198320625 43.5072204886028 14.970925671197888 158 21.892930539649097 0.014857117856474108 20.589075785387717 0.013975763894493646 1.2262924486193163 0.31690309362163044 137.13997176030182 1.3038547542613799 1
2902.2540531862765 2355.8994343199934 43.50865769442418 14.97093983796659 159 24.123722360593252 0.03601462043914019 22.41803230367059 0.02348036104904118 0.9232118210398166 0.09837626549976163 25.443769255209524 1.7056900569226627 1
2918.1885848453067 2355.447096396778 43.50842860560412 14.97093355257182 160 25.311172385332245 0.19511083042758276 23.430164468817463 0.1079188209832614 0.6479898928762315 0.17862064977452335 10.016790308040285 1.8810079165147826 1
2988.904310476668 2356.5712621987623 43.50741193357211 14.97094915025247 161 26.02469743992498 2.328276992576175 23.297762969591805 0.5911867819654785 1.0501514335050652 1.104737413335513 11.315902113913548 2.726934470333177 1
3030.8036426932567 2356.5526148121626 43.50680955172472 14.970948879815023 162 26.108678309077934 0.3778346610501281 24.102842364819704 0.1861868933631281 0.6837424270037946 0.1659508148075821 5.390852186432518 2.00583594425823 1
2960.1894431232795 2358.9864068711736 43.50782476332798 14.970982700859746 163 24.93800966697312 0.4192162600528252 22.877763300549066 0.1964294193183425 0.6781814612754404 0.5412751580007653 16.660539080105043 2.060246366424053 1
2973.037347526682 2362.138638420029 43.50764004967976 14.971026478843523 164 27.039819738590285 5.993877417437254 23.414416088834383 0.6641129437582394 1.6116740954124325 1.116834493490917 10.163140612594184 3.625403649755903 1
2973.052691214729 2366.0003631598506 43.50763982812541 14.971080113905264 165 24.300504571942472 0.3692176396699946 22.18131306163154 0.16383826598291235 1.28953998690986 0.8575778000329983 31.642380250374856 2.119191510310934 1
3012.0017576775786 2368.386742477268 43.50707986087941 14.971113248029647 166 -9999.0 -3.525384543023114 -9999.0 -0.3990183200072674 1.0932466454425103 0.08114894097144912 -1.2292818942368235 -9999.0 0
2866.7121268188093 2369.316707798444 43.50916867456351 14.97112619468361 167 24.228862394047585 0.024119658049702047 23.077934440520647 0.02610255491030033 0.5392243888418553 0.059823838168195816 13.85544866640276 1.1509279535269386 0
2887.422284591314 2368.306343369369 43.508870926943864 14.971112158662626 168 26.464177924609185 0.4461478238073163 24.525219211852534 0.23369285201934228 0.799252647931884 0.14124731968373977 3.6534795865735354 1.9389587127566514 1
2918.839845728332 2368.5718086079273 43.508419239903525 14.971115840115838 169 24.656678106098465 0.07122069909731399 22.994179577759812 0.04814896466196236 0.535544082625159 0.11914181370587278 14.966578873798156 1.6624985283386522 1
2714.854265994731 2372.540136775326 43.51135191925438 14.971170976064059 170 23.58530190580444 0.004061547102617063 23.003856336380966 0.007428506789153177 0.19782598997719097 0.018155347697213525 14.833780054878694 0.5814455694234724 16
2915.8249466932252 2376.644063751071 43.50846258321635 14.971227955342341 171 25.445495033323628 0.15989239897482313 23.850015900858967 0.11507334494055602 0.5809894942901503 0.1293349875924374 6.804371384645933 1.5954791324646607 1
3021.8974656675805 2378.1802568090125 43.50693758844116 14.971249266294391 172 27.272250160332437 0.45546881661992883 24.968348482755236 0.17042275737484947 1.0443168806063161 0.06849401424119927 2.429153598959015 2.303901677577201 1
3038.9204201027324 2378.559717943039 43.506692850933874 14.971254531622462 173 26.88315294336334 0.4981849865720426 25.014664618379502 0.2784477940351505 0.7088237149374825 0.1072212314486385 2.3277081249079394 1.8684883249838364 1
4726.629389452414 2380.343111947544 43.48242881867293 14.9712775135554 174 24.751041947422284 0.01117179326059329 24.219467493355044 0.02140996852151731 0.1825637643797356 0.017055340814917257 4.841805868858402 0.5315744540672398 16
2883.7313881690698 2382.490252881121 43.508923988231 14.971309158000002 175 23.334065250517146 0.023847642174042987 21.974383480761755 0.02130283308035519 0.7517759359046206 0.1348880382820715 38.286086618034176 1.3596817697553902 1
3038.187731624317 2382.7228375495683 43.50670338343886 14.971312352946724 176 26.333135876073232 0.2915282756348087 24.730552850236432 0.20805143364983789 0.7319592951528178 0.10413709536822137 3.023940417569513 1.6025830258368003 1
3033.8342922922693 2386.8666841691415 43.50676597117393 14.971369907663352 177 27.06775874812475 0.6675960235327197 25.006671713843783 0.31244347388915134 0.7870465674642788 0.12122167538370017 2.344907330586409 2.061087034280966 1
2874.345408180558 2388.286341377944 43.50905892869968 14.97138966068736 178 25.32880278795344 0.07307713266818144 23.658751902481573 0.04945723769040505 0.5373699511090915 0.06573743472724623 8.115095010609581 1.6700508854718663 1
3036.279007030584 2396.377926758103 43.5067308207993 14.971502007530509 179 -9999.0 -5.699922793825634 -9999.0 -0.5970173115259875 0.7380461839278811 0.09614762878388722 -0.9736871444689079 -9999.0 0
2885.505226108961 2402.321046257176 43.508898482614605 14.971584585399729 180 27.151641891423967 0.2853968052339259 25.787753743850775 0.25394594320420605 0.5961044826736188 0.047943219585769685 1.1420703910867047 1.363888147573192 1
2888.2886781816655 2402.751126572583 43.50885846505434 14.971590558285142 181 27.112768585716555 0.2546799181130514 25.58099338329807 0.19399448009231737 0.5989114436127196 0.0443431167969356 1.3816467396635765 1.531775202418487 1
2989.4744698626746 2406.2231981191244 43.50740372335549 14.971638760323442 182 27.89769942034042 1.1177251726625754 25.88287106663319 0.5459477005103991 0.8660360818006554 0.09449137319739853 1.0462752286692343 2.0148283537072302 1
2698.3887505763646 2407.6384620688004 43.51158864257438 14.971658452805029 183 21.40468644613968 0.0005683179568183839 20.99761082903967 0.0012210550075931136 0.19877944234758615 0.0189350657158647 94.13476401978875 0.4070756171000127 16
3108.303689487962 2409.3242784159647 43.50569532275027 14.971681794243452 184 24.70533646064442 0.010888661700332135 23.603842267280886 0.012335366876602217 0.34905213691114967 0.017342317606108854 8.536060075827123 1.1014941933635356 0
3016.722740576059 2410.2076356787998 43.50701197570527 14.971694092455369 185 28.162809169797267 0.9482841022586436 27.50906291865306 1.6218538808696168 0.7168981107798489 0.06279038629317497 0.23397486339825235 0.6537462511442058 8
2982.502671601522 2411.884955274305 43.50750395495836 14.971717397593826 186 27.10377110823892 0.6555814903595908 24.96983062083392 0.2869833165889827 0.6993385642868666 0.11515118586133663 2.425839824638931 2.133940487404999 1
2998.010013649704 2414.6079615862373 43.50728100615545 14.971755213162822 187 25.3203641867202 0.0855236100516015 23.904795152503578 0.07253482237744781 0.6843371736801276 0.07763434865177528 6.469583296995353 1.4155690342166238 1
3014.2696496898457 2415.4085129585515 43.507047242139336 14.971766327544167 188 28.15802680556836 0.9847465956882779 26.275823164810436 0.5434817103231943 0.6790190931080149 0.06549087014401297 0.7285596315435043 1.882203640757922 1
3009.4212429640465 2418.7125517195577 43.5071169464547 14.971812218304331 189 29.148973002820906 2.8355076316912466 27.50430360598239 1.9476351433687966 0.6728016711822173 0.07570812152326468 0.23500274082846317 1.6446693968385162 9
2642.235936564879 2422.534114885975 43.512395948655524 14.971865335045587 190 23.776984056009308 0.004770240872209846 23.277328449763434 0.00941358610242682 0.20805070356472388 0.017868334481359997 11.530894268954945 0.4996556062458737 16
4466.321024368836 2442.128840981518 43.48617114551305 14.97213609154465 191 24.050782187833622 0.006749968063776886 22.583337676954162 0.0054577982941397 0.1973777917363131 0.019665048774390664 21.85039533949499 1.46744451087946 1
3042.994036689437 2445.372701095106 43.50663426397338 14.972182488488071 192 25.07108103781464 0.025203761242231896 24.369528510985983 0.04126125351373389 0.39141134127062194 0.028743318983786296 4.216799633501381 0.7015525268286567 16
2751.464577334798 2446.793348609894 43.51082557337694 14.972202269787514 193 23.816380062158064 0.005155134664329181 23.251051658641916 0.009571095175938269 0.21060073123923662 0.018629500296046472 11.813367277846087 0.5653284035161477 16
2701.453950988738 2515.246579208523 43.511544574894714 14.973153010001758 194 23.6466696632035 0.005354000058643864 23.081820375258513 0.009945659743679187 0.2546607389532286 0.022649479308922818 13.80594756967379 0.5648492879449876 16
2726.4090131317066 2532.22543062696 43.511185794843 14.97338882721356 195 23.80019447477073 0.005334811201251656 23.04748731593497 0.008331605788439491 0.2701022727701038 0.01957645279848027 14.249494022115998 0.7527071588357614 16
2768.810536986617 2558.1259312675884 43.51057618458606 14.973748554816188 196 22.97580007536904 0.0029694875175935173 22.37958429617149 0.005367345233145434 0.2841884759805535 0.02330127332882246 26.36092535713537 0.59621577919755 16
2662.160567694478 2559.6370663308876 43.51210949896844 14.973769543673626 197 23.088236250304444 0.002577727182631923 22.700388168896335 0.005633421059733997 0.26427910555751655 0.018213908385952722 19.617294067349288 0.38784808140810867 16
1860.5742699074262 2564.587011617111 43.5236339679823 14.973837971670386 198 20.429648647784223 0.00017049863050104587 19.898130949719846 0.0003263144765014404 0.1783389036043161 0.013902625527056319 259.1444964322953 0.531517698064377 16
2625.801841025671 2572.4216469931544 43.51263223202268 14.973947105249508 199 23.563055418240804 0.0037892985662076367 22.876653263732653 0.006291760258955933 0.2735398576636494 0.017281862333983933 16.677581220515435 0.6864021545081513 16
593.0531767927594 2592.7036317045367 43.541857270751116 14.974226791449151 200 22.901424338825297 0.0021777529213800563 22.236883152088428 0.0036872142115400505 0.17560397531535177 0.01827826053358148 30.06360862308208 0.6645411867368693 16
664.0768323316927 2593.924611415423 43.54083615883276 14.974243882391196 201 24.298901572837554 0.0145721687965948 22.68187076850585 0.010272012514788192 0.21418510105075506 0.033855597490316414 19.954739491341293 1.617030804331705 1
1941.6642305223463 2646.5272043030823 43.52246818973096 14.974976088683569 202 24.85625393573172 0.2546803578887435 22.578663411858475 0.09831842295917087 0.2668831570148469 0.35423146191061106 21.944667510103347 2.2775905238732435 1
2799.4515161422196 2651.640091959489 43.51013564890341 14.975047360458786 203 24.34770635081097 0.023439717927673787 23.709588917059346 0.04067504898868738 0.6070426195054441 0.05210439511520384 7.743883362078197 0.6381174337516242 16
2690.5438303804995 2657.356751236445 43.51170143215491 14.975126762287726 204 24.694840334633117 0.04385249178179339 23.07204463627684 0.03074213913896164 0.4339545714120342 0.07081559164056658 13.930814694455874 1.6227956983562777 1
2797.0423651481724 2667.7054514023553 43.51017028429426 14.975270490650214 205 24.867839065649083 0.044345253979157916 24.120753124629882 0.06959593552468635 0.6781215539283625 0.061063470016063874 5.302651922190648 0.7470859410192006 16
2833.152631511705 2669.882716985431 43.50965112043816 14.975300726915858 206 29.32215643397055 1.8704219934919597 26.76154610475154 0.5524715795260547 0.6874151137229558 0.04255744745076457 0.46577473557356797 2.56061032921901 1
2724.0940293175304 2671.5471685980465 43.511219075181536 14.975323851390629 207 24.045254881751152 0.01891995337230852 23.257577871269522 0.028614560670737754 0.4088773008714728 0.055569026945049345 11.742571718576368 0.7876770104816302 16
