UGC2369/hst/hst_10592_11_acs_wfc_f814w_j9cv11/hst_10592_11_acs_wfc_f814w_j9cv11_segment-cat.ecsv
# %ECSV 1.0
# ---
# datatype:
# - {name: X-Centroid, unit: pix, datatype: float64, format: 10.3f, description: Pixel Coordinate}
# - {name: Y-Centroid, unit: pix, datatype: float64, format: 10.3f, description: Pixel Coordinate}
# - {name: RA, unit: deg, datatype: float64, format: 13.7f, description: Sky coordinate at epoch of observation}
# - {name: DEC, unit: deg, datatype: float64, format: 13.7f, description: Sky coordinate at epoch of observation}
# - {name: ID, unit: '', datatype: int64, format: 7d, description: Catalog Object Identification Number}
# - {name: CI, unit: mag(AB), datatype: float64, format: 7.3f, description: Concentration Index}
# - {name: Flags, unit: '', datatype: int64, format: 5d, description: Numeric encoding for conditions on detected sources}
# - {name: MagAp1, unit: mag(AB), datatype: float64, format: 7.3f, description: ABMAG of source based on the inner (smaller) aperture}
# - {name: MagErrAp1, unit: mag(AB), datatype: float64, format: 7.3f, description: Error of MagAp1}
# - {name: FluxAp1, unit: electron / s, datatype: float64, format: 10.4f, description: Flux of source based on the inner (smaller) aperture}
# - {name: FluxErrAp1, unit: electron / s, datatype: float64, format: 10.4f, description: Error of FluxAp1}
# - {name: MagAp2, unit: mag(AB), datatype: float64, format: 7.3f, description: ABMAG of source based on the outer (larger) aperture}
# - {name: MagErrAp2, unit: mag(AB), datatype: float64, format: 7.3f, description: Error of MagAp2}
# - {name: FluxAp2, unit: electron / s, datatype: float64, format: 10.4f, description: Flux of source based on the outer (larger) aperture}
# - {name: FluxErrAp2, unit: electron / s, datatype: float64, format: 10.4f, description: Error of FluxAp2}
# - {name: MSkyAp2, unit: electron / (pix s), datatype: float64, format: 7.3f, description: Sky estimate from an annulus outside Aperture
#     2}
# - {name: Bck, unit: electron / s, datatype: float32, format: 10.4f, description: Background at the position of the source centroid}
# - {name: Area, unit: pix2, datatype: float64, format: 8.3f, description: Total unmasked area of the source segment}
# - {name: FWHM, unit: pix, datatype: float64, format: 8.3f, description: Circularized FWHM of 2D Gaussian function having the same second-order
#     central moments as the source}
# - {name: MagSegment, unit: mag(AB), datatype: float64, format: 7.3f, description: Magnitude corresponding to FluxSegment}
# - {name: FluxSegment, unit: electron / s, datatype: float64, format: 10.4f, description: Sum of unmasked data values in the source segment}
# - {name: FluxSegmentErr, unit: electron / s, datatype: float32, format: 10.4f, description: 'Uncertainty of FluxSegment, propagated
#     from the input error array'}
# - {name: KronRadius, unit: pix, datatype: float64, format: 8.4f, description: The unscaled first-moment Kron radius}
# - {name: Xmin, unit: pix, datatype: int64, format: 8.0f, description: Minimum X pixel within the minimal bounding box containing the
#     source segment}
# - {name: Ymin, unit: pix, datatype: int64, format: 8.0f, description: Minimum Y pixel within the minimal bounding box containing the
#     source segment}
# - {name: Xmax, unit: pix, datatype: int64, format: 8.0f, description: Maximum X pixel within the minimal bounding box containing the
[...]
# - h12: [RA and Dec values in this table are in sky coordinates (i.e. coordinates at the epoch of observation]
# - h12.1: [and an undistorted a posteriori solution aligned by visit to GAIAEDR3).]
# - h13: [Magnitude values in this table are in the ABMAG system.]
# - h14: ['Column titles in this table ending with Ap1 refer to the inner photometric aperture ']
# - h14.1: ['(radius = 1.000000000000064 pixels, 0.05 arcsec.']
# - h15: ['Column titles in this table ending with Ap2 refer to the outer photometric aperture ']
# - h15.1: ['(radius = 3.000000000000192 pixels, 0.15 arcsec.']
# - h16: [CI = Concentration Index (CI) = MagAp1 - MagAp2.]
# - h17: ['Flag Value Identification:']
# - h17.1: ['    0 - Stellar Source (0.9 < CI < 1.23)']
# - h17.2: ['    1 - Extended Source (CI > 1.23)']
# - h17.3: ['    2 - Questionable Photometry (Single-Pixel Saturation)']
# - h17.4: ['    4 - Questionable Photometry (Multi-Pixel Saturation)']
# - h17.5: ['    8 - Faint Detection Limit']
# - h17.6: ['   16 - Hot pixels (CI < 0.9)']
# - h17.7: ['   32 - False Detection Swarm Around Saturated Source']
# - h17.8: ['   64 - False Detections Near Image Edge']
# - h17.9: ['  128 - Bleeding and Cosmic Rays']
# - h18: ['#=================================================================================================']
# schema: astropy-2.0
X-Centroid Y-Centroid RA DEC ID CI Flags MagAp1 MagErrAp1 FluxAp1 FluxErrAp1 MagAp2 MagErrAp2 FluxAp2 FluxErrAp2 MSkyAp2 Bck Area FWHM MagSegment FluxSegment FluxSegmentErr KronRadius Xmin Ymin Xmax Ymax X2 Y2 XY CXX CYY CXY Elongation Ellipticity Theta
[from data line 236]
662.9622870391994 2947.60247021303 43.54084495738917 14.979158047757089 237 0.5690226087179937 16 21.7505428725291 0.0006857851434009491 47.051906013595506 0.02972045510990289 21.181520263811105 0.0012678191049205149 79.466898680796 0.09279695344597588 0.18258729073646907 0.17166224 51.0 3.649445024047192 21.173413154114424 80.06249283254147 8.962219 3.5 660 2944 666 2951 2.1820165674640855 2.6215985077583817 0.0032218740907921295 0.4582924940004523 0.3814473542359777 -0.001126458310114822 1.0961206876737464 0.08769170106417701 89.58008610000108
4890.434298808139 2947.971108695397 43.48006475608341 14.979162894012221 238 0.8494914992770362 16 24.411831031884287 0.008765279214334802 4.055663900301969 0.03274295522303109 23.56233953260725 0.01252782618684542 8.868671256991451 0.10233505758115573 0.18114139108715588 0.17166224 16.0 2.4557021928987566 23.547544919999414 8.990345910191536 3.0088272 3.5 4889 2946 4892 2950 0.9025903975530525 1.2724430691257573 0.02753141335449602 1.108653952299054 0.7864087878146705 -0.047975129054397624 1.1896310012766076 0.15940321080495734 85.76606551505164
4902.42512326122 2992.1792908590287 43.479892268255036 14.979776872773137 239 1.4369567897418705 1 23.104091705516222 0.0024806951682533485 13.525635753139293 0.030904466482792096 21.66713491577435 0.002065851408139439 50.80897147039145 0.09667844271734803 0.18214424963749892 0.17166224 105.0 6.68699363135711 21.26276385010785 73.73757141828537 8.6208 3.5 4897 2987 4910 3000 9.488688340597342 6.639157620518626 4.927952290668951 0.1715004678499585 0.24510857893561672 -0.254594384317684 2.1205228433861842 0.5284181902972866 36.93720297269368
4879.5377258530925 2993.321506144673 43.48022132887205 14.979792781946253 240 0.915003659386926 0 24.399665628468004 0.008766423240434355 4.101362143520371 0.033116216645845666 23.484661969081078 0.011788077691322741 9.526416873911831 0.1034338603938478 0.18346978450308038 0.17166224 15.0 2.4526281817829116 23.507574443691528 9.327485710382462 3.0635424 3.5 4878 2991 4881 2995 0.9353082905049213 1.2342832359355167 -0.3221456345218792 1.1747721750521902 0.8902123295452553 0.6132267160932381 1.4047934839846565 0.2881515956612152 -57.44652069920128
2896.565845715505 2999.894213735266 43.50873145947008 14.979886183225599 241 0.745550674339789 16 22.428198704427867 0.0014086865386887866 25.20663589228336 0.032705396211742815 21.682648030088078 0.0022153486626955094 50.088169197089194 0.10220388564763558 0.22850819636007835 0.17166224 47.0 3.7432872505091397 21.61813667769862 53.154458567500114 7.303168 3.5 2893 2997 2900 3003 2.761650419075631 2.2921822418697664 -0.06157413823233081 0.362319316683468 0.4365269368555499 0.01946572945396641 1.1011258649375768 0.09183860642789432 -7.349178190423061
644.3912809841867 3008.706655213188 43.54111207813266 14.980006682561278 242 -9999.0 24 1.7976931348623157e+308 1.7976931348623157e+308 0.0 0.0029052523061965678 1.7976931348623157e+308 1.7976931348623157e+308 0.0 0.008715756918589702 0.0 0.17166224 26.0 2.914416498445396 -9999.0 -4.46321827173233 0.31654376 3.5 642 3006 647 3011 1.4984325319258152 1.5650667380088752 -0.12882388261329947 0.672120353599619 0.6435041897858289 0.11064723494703196 1.0909938914473047 0.08340458380256643 -52.250204627056114
614.4762421228849 3019.3995740800688 43.541542202100175 14.980155139371556 243 -9999.0 24 1.7976931348623157e+308 1.7976931348623157e+308 0.0 0.002905252306196568 1.7976931348623157e+308 1.7976931348623157e+308 0.0 0.008715756918589702 0.0 0.17166224 23.0 2.7761501081631 -9999.0 -3.9482315480709076 0.29772204 3.5 612 3017 617 3022 1.4739814172236247 1.305734651457502 -0.04700371723465499 0.6792142987917995 0.7667325467805984 0.04890058911511299 1.0719135255227983 0.0670889244425984 -14.597079923507387
2894.561022806895 3027.9077150761655 43.50876027882456 14.980275259974379 244 0.7648179964894268 16 24.115977990085188 0.007197662494424905 5.3260246708987555 0.035308950923929 23.35115999359576 0.011136083927982746 10.772844036742452 0.11049764698925335 0.2182131163775921 0.17166224 15.0 2.481537114798916 23.298958911391335 11.303444474935532 3.3706458 3.5 2893 3026 2896 3030 1.0963222856287396 1.1247162704070397 -0.2878211480503297 0.9778351626882368 0.9531492597137841 0.5004669115830508 1.3041661249250305 0.23322651854840604 -46.41193413821239
2896.6467793519605 3037.420069622367 43.50873028913711 14.980407375650046 245 0.5748405895797788 16 23.310926568556727 0.0036511467488229005 11.179535064087998 0.0375961343857387 22.73608597897695 0.006724650009191853 18.982787156642686 0.11757631005563621 0.22174936956480928 0.17166224 26.0 2.9965727510551843 22.664499117548683 20.276580810546875 4.514546 3.5 2894 3035 2899 3040 1.589900714250191 1.6487506516518406 -0.1725213343023858 0.6361936307219749 0.6134855545760725 0.13313956714664127 1.1146063469233962 0.10282226298077313 -49.83956983774732
2882.9848528025177 3041.45220264623 43.508926713079006 14.980463379773981 246 1.58804003146237 9 29.113353595946794 0.6862053413344426 0.053389140767164056 0.03374404859876983 27.525313564484424 0.496969512893356 0.23049894611925303 0.10550884127780887 0.21633095242135175 0.17166224 25.0 3.0497755410150855 25.647209189790967 1.2999022454023361 1.1816294 3.5 2881 3039 2885 3044 1.501673672023447 1.853000166172116 -0.15093645627678148 0.6714207209356329 0.5441201991702304 0.10938138715678142 1.1490835990923984 0.12974129924937738 -69.66479547492735
4938.077867805836 3068.0115806553813 43.479379514013694 14.98083002769233 247 1.0859883356061175 8 29.18743411239168 0.70282365874036 0.04986785923503401 0.03228176409792378 28.101445776785564 0.8073581389835143 0.13558637794402895 0.10082597933905002 0.18151132037647727 0.17166224 21.0 2.721853316967849 27.176490725514416 0.3178323358297348 0.67933524 3.5 4936 3066 4940 3070 1.2877788239405032 1.3842674913543536 -0.010979951224620109 0.7765833821797458 0.7224525901541724 0.012319653118259086 1.037745688549314 0.036372773181143736 -83.58921162658102
2838.393397462934 3072.292290538919 43.509567823913045 14.980891720585511 248 1.1502922593350249 0 24.268254461710153 0.008444558601565668 4.629057603929121 0.03600474183144757 23.11796220237513 0.009142094108509172 13.353942100515148 0.11244634374366042 0.20470273024955038 0.17166224 19.0 2.8831529665875206 23.058733529340945 14.102657482028008 3.7650871 3.5 2836 3071 2841 3074 2.058460991696956 0.9396652583540342 -0.37229152019763895 0.5232970214901858 1.1463513163140735 0.4146562659701452 1.620136124435285 0.38276791380813124 -16.822317045034247
634.0113293788451 3091.039673289716 43.5412614747166 14.981150177221219 249 -9999.0 24 1.7976931348623157e+308 1.7976931348623157e+308 0.0 0.0029052523061965678 1.7976931348623157e+308 1.7976931348623157e+308 0.0 0.008715756918589706 0.0 0.17166224 21.0 2.662911687319889 -9999.0 -3.604907065629959 0.28448325 3.5 632 3089 636 3093 1.2673106241320349 1.2902625916806783 -0.0038373398724958195 0.7890796355393592 0.775043012060565 0.00469356667015434 1.0095077234667547 0.009418178034442448 -80.75554681678898
3914.6503242443237 3100.725666024979 43.49409385269615 14.981285977261393 250 1.187918282561938 0 21.83480929561728 0.0021238080251442357 43.53821820253651 0.08516792596391994 20.646891013055342 0.0022231560930740914 130.0283239662319 0.26625519084253507 0.2092078039906018 0.17166224 163.0 6.3253621161836975 20.391949459991327 164.44269506633282 12.847991 3.5 3908 3094 3921 3107 7.113613767600108 7.31701764192624 0.004085080400980629 0.14057557147178357 0.13666774764624973 -0.00015696627778660513 1.0142075693976935 0.014008542064156582 88.8499131990038
646.0017508853002 3106.9186286724985 43.54108911212523 14.98137074054158 251 -9999.0 24 1.7976931348623157e+308 1.7976931348623157e+308 0.0 0.0029052523061965678 1.7976931348623157e+308 1.7976931348623157e+308 0.0 0.008715756918589706 0.0 0.17166224 27.0 3.164942799388661 -9999.0 -4.634880512952805 0.3225737 3.5 643 3105 649 3109 2.207199286854877 1.40562032935932 -0.22056028106113923 0.4602800240534692 0.7227625551683806 0.14444795561306883 1.2954792631998673 0.22808490386023306 -14.412314303589486
4933.428491144248 3127.4723320931384 43.479446237087814 14.981655880668898 252 -9999.0 0 30.78469408903354 3.211834990946743 0.011452933373181318 0.03388130437226256 -9999.0 -2.2694349897007955 -0.05060714932099675 0.10578395081337649 0.18889246098320894 0.17166224 39.0 3.3811617929693414 26.460763746991933 0.6144532859325409 0.9047612 3.5 4931 3124 4936 3131 1.7815720755290085 2.3417423484726627 -0.06978138525215968 0.561957921601069 0.4275314666448123 0.03349147462642375 1.1513475307468655 0.131452516903118 -83.00497705815518
687.6512177905732 3133.477216086787 43.540490343516076 14.98173968623305 253 2.385606273598313 9 27.986596144881563 0.7760942653831351 0.15071480358581957 0.10773592591995959 25.60098987128325 0.26948009267762274 1.3564332322723762 0.3366784131378533 -0.04797401197560846 0.17166224 17.0 2.4816379095723096 -9999.0 -2.918258100748062 0.25595966 3.5 686 3132 690 3135 1.235477347304455 0.9857416401447109 -0.0650868958028228 0.8122290724108008 1.0180057115557557 0.10726029387632306 1.1359563692247563 0.11968449925373548 -13.765303942049112
667.5726569703693 3138.87550970665 43.54077903538704 14.981814625849934 254 -9999.0 24 1.7976931348623157e+308 1.7976931348623157e+308 0.0 0.002905252306196568 1.7976931348623157e+308 1.7976931348623157e+308 0.0 0.008715756918589702 0.0 0.17166224 15.0 2.358865254569487 -9999.0 -2.5749336183071136 0.24043222 3.5 666 3137 669 3141 0.9268241856409493 1.0800530856191766 0.04986335901642786 1.0816398870756723 0.9281858649762267 -0.09987323536939509 1.095654473290378 0.0873035027211786 73.47125819588912
4939.883603740385 3139.381331681132 43.47935340325452 14.981821270432853 255 -9999.0 8 -9999.0 -0.6784342597089078 -0.05828782850056169 0.036423007993753656 28.15851578128694 0.9602825836456694 0.1286435621862081 0.11378297159947891 0.1834162617095908 0.17166224 19.0 2.6475871535960893 27.281724697755255 0.2884725481271744 0.70337456 3.5 4938 3137 4942 3142 1.2116007541774334 1.3166204997214788 0.09611186818426422 0.8301616371087607 0.763944102209347 -0.12120179786705293 1.0907399047906596 0.0831911479465628 59.324798790784506
682.9937655044592 3144.614548232665 43.5405573275187 14.98189436290549 256 -9999.0 24 1.7976931348623157e+308 1.7976931348623157e+308 0.0 0.002905252306196568 1.7976931348623157e+308 1.7976931348623157e+308 0.0 0.008715756918589706 0.0 0.17166224 17.0 2.42332957436086 -9999.0 -2.918258100748062 0.25595966 3.5 681 3143 685 3147 1.0820865764205851 1.0359795395044566 -0.001426027699052843 0.9241421488971355 0.9652717798890098 0.0025441666595459895 1.0220531800498442 0.02157733127817163 -1.7698252226228006
702.037405141467 3147.6280367548816 43.540283531016556 14.981936251433906 257 1.4927256088273921 1 23.98904767130541 0.027881113742656886 5.986531904044271 0.1537360016032998 22.49632206247802 0.022016143139356324 23.673667569354077 0.4800615767158857 0.26576528878219974 0.17166224 32.0 3.6159755641916624 22.283350520081004 28.804090172052383 5.3784213 3.5 700 3144 704 3151 1.3967220721192903 3.319188072054059 0.4882442668505232 0.7547724861543456 0.3176100202685219 -0.2220502913011029 1.6385332099511627 0.3896980580394793 76.53618634014894
4385.622245101937 3173.9419222149363 43.4873223032077 14.982302256330312 258 1.3969352491366038 1 21.462574805626698 0.0031777501195468984 61.34292035358831 0.17954542920417343 20.065639556490094 0.002741450315317612 222.0948802440434 0.5608013995352861 0.20232603698968887 0.17166224 268.0 7.183099048810291 19.749750305430513 297.09425081312656 17.266357 3.5 4378 3165 4394 3182 9.144580566508813 9.465071680557157 -0.124380138772903 0.10937393592216149 0.10567049069167775 0.0028745572748449123 1.022043666385642 0.021568223658776975 -71.09096752596155
4934.596238233691 3170.851731684664 43.47942935751269 14.98225836988206 259 0.6876784784039174 16 23.593102141733116 0.004553621980253273 8.620917979134122 0.036157687758815296 22.9054236633292 0.007555709548681993 16.241453928820007 0.11302911350692087 0.17734198913806015 0.17166224 23.0 2.791090731992222 22.90275073459941 16.281487345695496 4.0482836 3.5 4932 3169 4937 3173 1.4003704441100198 1.4093457650505403 -0.06206921964844398 0.7154934448385979 0.710936874366316 0.06302231983946992 1.045323261416175 0.0433581295749339 -47.06767037311318
2913.779002589807 3200.62665800525 43.50848393847427 14.982674130698252 260 0.6622727242707924 16 23.242192512374164 0.0034329701230626716 11.910153668067723 0.03765976025012598 22.57991978810337 0.005825806086922658 21.91928858930308 0.11761768894222734 0.19465937457852445 0.17166224 21.0 2.727526173464855 22.561370361432513 22.296989291906357 4.7305307 3.5 2912 3199 2916 3203 1.3908985080794019 1.2922975127592249 -0.12929290434806134 0.7257089436467676 0.7810798032590753 0.14521271782860115 1.1090555653915024 0.09833192203765295 -34.56386015570192
711.3614673944828 3206.651814686878 43.54014958290151 14.982756042797881 261 2.385606273598313 1 27.04994837704272 0.4594107904311687 0.3571206957615895 0.1511145814858255 24.664342103444408 0.15950047104920387 3.2140862618543053 0.47218225362304184 -0.11367504802173314 0.17166224 48.0 3.6041990385368776 -9999.0 -8.239787578582764 0.4300983 3.5 708 3203 715 3210 2.316100876479091 2.369141693106288 0.00177855889241436 0.43176037220170566 0.42209403489673236 -0.0006482611416665698 1.0114113609796918 0.011282611032407575 88.08163669271286
701.2562358365996 3246.0592238864892 43.54029494622966 14.98330334964944 262 -9999.0 24 1.7976931348623157e+308 1.7976931348623157e+308 0.0 0.0029052523061965678 1.7976931348623157e+308 1.7976931348623157e+308 0.0 0.008715756918589702 0.0 0.17166224 51.0 4.15436255711509 -9999.0 -8.754774302244186 0.44333515 3.5 698 3242 704 3250 2.1407603149965895 4.08401010173428 0.4212908654735552 0.4768031545609078 0.24993113286270435 -0.09837038040634885 1.4253102184908544 0.2983983507402206 78.27936369031073
718.0038910817323 3261.05809985132 43.54005418107905 14.983511697450012 263 -9999.0 24 1.7976931348623157e+308 1.7976931348623157e+308 0.0 0.0029052523061965678 1.7976931348623157e+308 1.7976931348623157e+308 0.0 0.008715756918589702 0.0 0.17166224 21.0 2.693863988808797 -9999.0 -3.604907065629959 0.28448325 3.5 716 3259 720 3263 1.2996276935408495 1.3177468676376636 -0.022253779170012682 0.7696737002880504 0.759090596570825 0.025996113487080228 1.0185314578473577 0.0181942911086157 -56.075700387953205
1836.172163109385 3261.894500124162 43.52397746493644 14.983524752648822 264 1.1522742236273587 0 23.487767756894538 0.003126499654326885 9.499205151359803 0.027354943006453518 22.33549353326718 0.003378831773333721 27.453451753074603 0.08543851438792742 0.1894712763943363 0.17166224 41.0 3.7176809507823942 22.221334035344942 30.497255325317383 5.5367193 3.5 1833 3259 1839 3265 2.4808178585177045 2.504108878342548 -0.009150728559208284 0.4030983072463614 0.39934904109158853 0.0029460725323807338 1.0059599116182607 0.005924601516846817 -70.92034476088472
4988.120872652618 3264.4124137182657 43.47865960047679 14.983557714739216 265 -9999.0 0 -9999.0 -6.986848476056143 -0.005263588899836913 0.03387298340555546 -9999.0 -1.9998540548038908 -0.05745981738811512 0.1058407007386139 0.1802812045587297 0.17166224 17.0 2.441741370599332 28.523049943715595 0.0919547975063324 0.48481953 3.5 4986 3263 4990 3266 1.2440706870451372 0.9063026709190178 -0.10508627734078607 0.8117635070655111 1.1142979231530905 0.18824882189106512 1.2058139329370323 0.17068465317507653 -15.945749861189528
