UGC2369/hst/hst_10592_11_acs_wfc_f814w_j9cv11/hst_10592_11_acs_wfc_f814w_j9cv11_point-cat.ecsv
# %ECSV 1.0
# ---
# datatype:
# - {name: X-Center, unit: pix, datatype: float64, format: 10.3f, description: Pixel Coordinate}
# - {name: Y-Center, unit: pix, datatype: float64, format: 10.3f, description: Pixel Coordinate}
# - {name: RA, unit: deg, datatype: float64, format: 13.7f, description: Sky coordinate at epoch of observation}
# - {name: DEC, unit: deg, datatype: float64, format: 13.7f, description: Sky coordinate at epoch of observation}
# - {name: ID, unit: '', datatype: int64, format: 7d, description: Catalog Object Identification Number}
# - {name: MagAp1, unit: mag(AB), datatype: float64, format: 7.3f, description: ABMAG of source based on the inner (smaller) aperture}
# - {name: MagErrAp1, unit: mag(AB), datatype: float64, format: 7.3f, description: Error of MagAp1}
# - {name: MagAp2, unit: mag(AB), datatype: float64, format: 7.3f, description: ABMAG of source based on the outer (larger) aperture}
# - {name: MagErrAp2, unit: mag(AB), datatype: float64, format: 7.3f, description: Error of MagAp2}
# - {name: MSkyAp2, unit: electron / (pix s), datatype: float64, format: 7.3f, description: Sky estimate from an annulus outside Aperture
#     2}
# - {name: StdevAp2, unit: electron / (pix s), datatype: float64, format: 7.3f, description: Standard deviation of sky estimate from annulus
#     outside Aperture 2}
# - {name: FluxAp2, unit: electron / s, datatype: float64, format: 10.4f, description: Flux of source based on the outer (larger) aperture}
# - {name: CI, unit: mag(AB), datatype: float64, format: 7.3f, description: Concentration Index}
# - {name: Flags, unit: '', datatype: int64, format: 5d, description: Numeric encoding for conditions on detected sources}
# meta: !!omap
# - h00: [' #==================================================================================================']
# - h01: [' # All refereed publications based on data obtained from the HAP must carry the following footnote: ']
# - h02: [' #                                                                                                  ']
# - h03: [' #     Based on observations made with the NASA/ESA Hubble Space Telescope                          ']
# - h04: [' #     and obtained from the Hubble Advanced Products collection generated                          ']
# - h05: [' #     by the Space Telescope Science Institute (STScI/NASA).                                       ']
# - h06: [' #                                                                                                  ']
# - h07: [' # One copy of each paper resulting from data obtained from the HAP should be sent to the STScI.    ']
# - h08: [' #==================================================================================================']
# - {WCSNAME: IDC_4bb1536oj-FIT_SVM_GAIAeDR3}
# - {WCSTYPE: undistorted a posteriori solution aligned by visit to GAIAEDR3}
# - {Proposal ID: 10592}
# - {Image File Name: HST_10592_11_ACS_WFC_F814W_J9CV11_DRC.FITS}
# - {Target Name: UGC02369}
# - {Date Observed: '2006-07-22'}
# - {Time Observed: '17:09:23'}
# - {Instrument: ACS}
# - {Detector: WFC}
# - {Target RA: 43.5075}
# - {Target DEC: 14.97361111111}
# - {Orientation: 0.0}
# - {Aperture RA: 43.50828864504}
# - {Aperture DEC: 14.97395622954}
# - {Aperture PA: 72.775146}
# - {Aper1 (arcsec): 0.05}
# - {Aper2 (arcsec): 0.15}
[...]
# - h10.4: ['the selected aperture. For details, see Whitmore et al., 2016 AJ, 151, 134W.']
# - h10.5: [' ']
# - h11: ['The X and Y coordinates in this table are 0-indexed (i.e. the origin is (0,0)).']
# - h12: [RA and Dec values in this table are in sky coordinates (i.e. coordinates at the epoch of observation]
# - h12.1: [and an undistorted a posteriori solution aligned by visit to GAIAEDR3).]
# - h13: [Magnitude values in this table are in the ABMAG system.]
# - h14: ['Column titles in this table ending with Ap1 refer to the inner photometric aperture ']
# - h14.1: ['(radius = 1.000000000000064 pixels, 0.05 arcsec.']
# - h15: ['Column titles in this table ending with Ap2 refer to the outer photometric aperture ']
# - h15.1: ['(radius = 3.000000000000192 pixels, 0.15 arcsec.']
# - h16: [CI = Concentration Index (CI) = MagAp1 - MagAp2.]
# - h17: ['Flag Value Identification:']
# - h17.1: ['    0 - Stellar Source (0.9 < CI < 1.23)']
# - h17.2: ['    1 - Extended Source (CI > 1.23)']
# - h17.3: ['    2 - Questionable Photometry (Single-Pixel Saturation)']
# - h17.4: ['    4 - Questionable Photometry (Multi-Pixel Saturation)']
# - h17.5: ['    8 - Faint Detection Limit']
# - h17.6: ['   16 - Hot pixels (CI < 0.9)']
# - h17.7: ['   32 - False Detection Swarm Around Saturated Source']
# - h17.8: ['   64 - False Detections Near Image Edge']
# - h17.9: ['  128 - Bleeding and Cosmic Rays']
# - h18: ['#=================================================================================================']
# schema: astropy-2.0
X-Center Y-Center RA DEC ID MagAp1 MagErrAp1 MagAp2 MagErrAp2 MSkyAp2 StdevAp2 FluxAp2 CI Flags
[from data line 208]
2863.852436932883 2678.724320478906 43.509209742620385 14.975423523036143 209 27.887090932001964 0.7313126349939995 26.156196339011746 0.46384502873777295 0.7991827959949906 0.06242170834834749 0.8134218501503376 1.730894592990218 1
2836.2618086983516 2680.8236440362534 43.50960641792476 14.975452683876732 210 27.755377932800823 1.0293498330757116 25.31300535925239 0.33917118528304774 0.7286975867919141 0.09920804423399009 1.7684477228873767 2.4423725735484325 1
2845.6207972257816 2678.934695633734 43.50947186224475 14.975426447348468 211 27.89002771431746 0.7679691147963708 26.28420723106598 0.5465680496093758 0.7779267454469525 0.06537545004348162 0.7229553524967471 1.6058204832514775 1
2870.4524341648007 2679.2709081372695 43.50911485315753 14.975431113576043 212 27.264356153820085 0.4850116646199012 25.202267750920743 0.22677965808066175 0.732080492124719 0.07347035304236312 1.9583362790465166 2.0620884028993416 1
2926.6371429911433 2680.9690303125144 43.50830707484429 14.97545468888507 213 27.87885649615743 0.9073801236733037 26.51505350813574 0.8068412786575585 0.7802906974450055 0.07805204296506063 0.5844844569966199 1.363802988021689 9
2960.5251829821063 2680.9038913399777 43.507819860179424 14.975453776939307 214 27.538393807360638 0.49865290932858464 25.91129522814828 0.348004679132052 0.7759341029702007 0.058680026091663146 1.0192395761864042 1.6270985792123582 1
2931.6272808792114 2682.5436506884057 43.50823533036924 14.975476557611621 215 28.410825303430048 1.5078985532073859 26.757947391926802 1.0276684390791757 0.8092374016304273 0.07946349282660604 0.4673211245350508 1.6528779115032464 9
2944.6462378432443 2682.582527101035 43.50804815436563 14.97547709484503 216 29.08791375077499 2.089214471618024 -9999.0 -5.469738616173661 0.8256162354501628 0.059001232483406996 -0.0652120756002148 -9999.0 0
2957.592872857942 2683.3205625936466 43.50786201798371 14.97548734248492 217 28.678477350696074 1.3448102052061517 26.16430832786487 0.41469720436729474 0.802503691035874 0.055371131888304954 0.8073670826399564 2.5141690228312044 1
2839.433178551318 2684.149257711405 43.50956082213602 14.975498872580161 218 27.747029357806316 0.8183684382343831 25.128898913614268 0.22941116066852657 0.787564285842004 0.0794737372220847 2.0952449588072177 2.6181304441920474 1
2859.0161325968556 2683.1038288063532 43.50927927443815 14.975484350215796 219 -9999.0 -21.498002181874664 -9999.0 -1.0494831452720292 0.8509374285066449 0.04783731341850909 -0.2755753459492638 -9999.0 0
2884.1214038880626 2683.3109875523182 43.50891833117887 14.975487223686741 220 27.17914674965458 0.3589831997657456 26.041609647854845 0.39326518377518577 0.7496440716691919 0.05881195810448434 0.9039627001227544 1.1375371017997367 0
2900.071389029045 2683.817717365701 43.50868901513685 14.975494258933736 221 28.264238566016363 1.2728380884842154 27.542255060589486 2.044350031105342 0.8319192643117423 0.07677229790271896 0.2269302259861199 0.7219835054268771 8
2981.9867605083 2684.4050336405476 43.50751130217304 14.975502398796928 222 27.726493433257236 0.5962799983459562 26.125082714908604 0.4261560494335396 0.7892041909492622 0.05900603790036506 0.837069048802185 1.6014107183486317 1
2962.5310182391763 2685.5423856454754 43.507791020803985 14.975518200010368 223 -9999.0 -1.1835393954626157 -9999.0 -0.9522071918367391 0.8266778467474758 0.054900027048082174 -0.34852519449509245 -9999.0 0
2950.4427816111374 2686.527599904643 43.507964815467076 14.97553188626404 224 28.440688458758313 0.9734008348991212 27.20242247054264 0.9716163402723473 0.8482332825660706 0.049890386280856784 0.3103311577475445 1.238265988215673 8
2816.971717539089 2686.631192900769 43.509883754567824 14.975533346365644 225 24.822166213477583 0.08470974947064173 24.324690782039642 0.16728906789882936 0.6690473478512475 0.12169151186803186 4.394586902679443 0.49747543143794104 16
2825.7068520496755 2686.597146929516 43.50975816786482 14.97553287260091 226 26.44127791736081 0.35087699398138816 24.82479423930985 0.2475140744634707 0.648503508534811 0.11343855947682509 2.772532681443117 1.6164836780509617 1
2903.3075124856437 2689.4919650408724 43.50864248773538 14.975573067360047 227 30.317196140526473 6.982453221641353 27.50211834245574 1.632423451031258 0.8974246105102643 0.06355834150082001 0.23547620764967903 2.8150777980707318 9
2978.1065239105174 2688.0469053726492 43.507567088149315 14.975552981304817 228 29.53463497584011 3.6331103304153607 26.883657770127964 0.9877120795362938 0.8170492866006838 0.06799881272041076 0.41622797086314023 2.6509772057121452 9
2912.3015741335635 2689.819626719197 43.50851317829677 14.9755776165855 229 -9999.0 -4.497063352821343 -9999.0 -0.6681927066434866 0.929992997084403 0.07381295562809295 -0.667546182868616 -9999.0 0
2970.4687967405234 2689.2807795044687 43.50767689692592 14.97557012028799 230 27.949999723623147 0.8334713445178928 26.123289090952003 0.48405203828369436 0.8374383104049554 0.06713856851923812 0.8384530202614897 1.8267106326711442 1
2992.3126947296632 2688.755630494116 43.50736284309578 14.97556282114249 231 27.632804889945415 0.7963578579089954 25.269848726902776 0.2822378868932036 0.7939938359341379 0.08592458842478748 1.8401570043072084 2.3629561630426394 1
2946.9722902945186 2689.578877365561 43.508014710702675 14.975574265874837 232 27.758395599703274 0.5148741601090395 26.148952728925014 0.36535502063979797 0.8660362541878996 0.04946531519866041 0.8188668278643441 1.6094428707782598 1
2868.2573364051277 2691.9677176862024 43.50914641056906 14.975607458475055 233 27.99884933108596 0.5930621270844092 25.800837101508787 0.24469557694016592 0.8762875971745472 0.045654672575174506 1.1283907808904772 2.1980122295771736 1
2959.2072527475043 2691.234233988205 43.50783880587409 14.97559725422105 234 27.26342266495436 0.5334822980513625 25.277163893468643 0.2674193023154342 0.844452471042723 0.08088862665424466 1.827800587011886 1.9862587714857156 1
2857.554362442911 2692.183765263833 43.50930028930435 14.975610460644202 235 28.570036971158213 0.9391981056913539 29.2080940708745 5.282291652871738 0.8594025389788902 0.042718123011624684 0.04892791863333912 -0.6380570997162849 8
2921.642819643298 2690.798077166367 43.50837887719188 14.975591204403758 236 -9999.0 -8.865300159095717 -9999.0 -0.9573652662521798 0.9402345402766081 0.07518277309624742 -0.47469589131459244 -9999.0 0
2964.8060466614616 2691.7271982810635 43.507758310796014 14.975604099658623 237 -9999.0 -3.020202700231378 -9999.0 -0.9548593106108758 0.8815329245445302 0.07850171274540713 -0.4967968933407896 -9999.0 0
2853.4141905692427 2692.2531207927304 43.50935981336254 14.975611424471227 238 29.764918049987582 3.4947769170862895 -9999.0 -1.0111593798718754 0.8577526078601063 0.05289613314582755 -0.3164723768624391 -9999.0 0
2963.489520600699 2692.2553800770884 43.50777723862368 14.975611435822454 239 28.803628225175668 2.282221306010184 27.021391645222597 1.381049039144714 0.8769541149642193 0.0837578916027463 0.3666381997304242 1.7822365799530715 9
2971.8744205889225 2692.1003312137454 43.50765668730074 14.975609280393162 240 28.04929082531852 1.1427576200732597 26.16253470003102 0.6278102771851521 0.8501899924743859 0.08401962934889677 0.8086870524194332 1.8867561252874978 1
2879.183347313399 2694.9950416179786 43.50898932466966 14.97564950299455 241 32.66513009534725 65.65870528983629 -9999.0 -0.436051788402524 0.898418417421438 0.0687586800106945 -0.953197008848818 -9999.0 0
2888.7861119162226 2694.6191673837156 43.50885126386757 14.975644280983486 242 -9999.0 -1.2800984441556245 -9999.0 -0.35683117498041755 0.9395083411265228 0.06743706521369056 -1.1424403634511329 -9999.0 0
2950.744918748933 2695.8490184769003 43.50796046946037 14.975661350344186 243 27.49697905910956 0.6218811976479028 25.260916909400184 0.24766116794597462 0.8685483446827642 0.07603975532932264 1.8553575083112435 2.236062149709376 1
3027.0076467089184 2695.2311191818867 43.50686402510511 14.975652749010191 244 29.312194132155494 5.197336042851735 27.72094647016012 3.749507015189068 0.8870576581712497 0.11941860401098994 0.19249337265179634 1.591247661995375 9
2728.7865400872347 2695.3815542188545 43.51115160962181 14.975654884439637 245 24.27366334768894 0.02024302655741564 23.46322604947427 0.02998013168091597 0.4437806750235914 0.04816848614070575 9.716367889248456 0.8104372982146728 16
3013.59231762537 2695.538405830877 43.50705689988681 14.975657020672482 246 28.428512570927627 2.482512451720731 26.97467014785448 2.031791421059496 0.959692354170268 0.1287312328389883 0.3827597927123243 1.453842423073148 9
2956.4140473882003 2697.8096656250377 43.50787896280356 14.97568858029264 247 27.057410937137977 0.5059979543076204 24.841692318031964 0.20540379969299974 0.9056369366288997 0.09275104997292888 2.7297158573487543 2.2157186191060134 1
2884.9014422204427 2697.905742776391 43.50890711399203 14.975689928495099 248 28.109340103632785 0.9202040193920553 28.06568195429138 2.7601797025456665 0.9273034288179154 0.06400878409706745 0.14012692382370417 0.043658149341403885 8
3073.5643950884 2699.610374282794 43.50619466792289 14.975713557579738 249 25.170863513818563 0.06786057576717609 23.875082242656024 0.06424265443695866 0.6187957161224928 0.0706950500398784 6.64907869086106 1.2957812711625394 1
2714.304798458395 2700.1253454550492 43.51135981648645 14.975720770626284 250 21.516299619020867 0.001231429220378466 21.006492794225228 0.002406783674319938 0.4625601097427565 0.03712283027514149 93.36782717438828 0.5098068247956391 16
2890.243057500836 2699.589092481882 43.508830316218564 14.97571330748064 251 28.0482545466415 0.714714732965182 27.26206004936353 1.082550548358131 0.9356558979981588 0.052579436677300535 0.2937449101366205 0.7861944972779682 8
3010.1758389422107 2698.541341015881 43.50710601843491 14.975698729045343 252 28.086396374440223 1.9250439382380085 27.011880204343857 2.2352564891393043 1.0319011599330579 0.1367919590812924 0.36986419243900315 1.0745161700963664 8
3016.700002774607 2699.146567610554 43.507012219031246 14.975707133166338 253 27.731374133508364 1.4557291629757594 25.634529434976276 0.6592286999486356 0.9959397061396453 0.1434538472665575 1.3151721262670435 2.096844698532088 1
3035.8302721745026 2701.3504810950285 43.5067371785749 14.975737737565291 254 28.328930739132243 2.1768233294153405 26.162363532601045 0.924341644495477 0.9236993237927154 0.1237172406817738 0.8088145528154662 2.166567206531198 9
3003.6000101857426 2701.0296339169336 43.50720055977129 14.975733290448273 255 30.543362266302143 19.412615036664963 26.165289808013643 1.0753465954818868 1.0732038433268918 0.1435226463976916 0.8066375714505902 4.3780724582885 9
2879.573873215544 2702.6776771206255 43.50898370876064 14.975756206204474 256 27.72210611613804 0.7748364290215525 26.30175799291983 0.6542726994761212 0.8857665866108264 0.07699802031931995 0.7113628364209461 1.4203481232182114 1
2916.825601730159 2706.5499323336576 43.50844813218809 14.975809981092898 257 27.792082152593853 0.554394165645627 26.36187344720189 0.4641337857072476 0.9906228301451379 0.05163536962039002 0.6730463772803041 1.430208705391962 1
2956.01390118931 2711.0104179100786 43.507884712714954 14.97587192416402 258 27.25320177152169 0.6969223731787658 24.99328348848714 0.27158684790560184 1.0651198516457767 0.10667491275508746 2.374001420382317 2.2599182830345512 1
2964.3881125858584 2710.814088493191 43.50776431492638 14.975869195452606 259 28.1227316235078 2.2496497276637344 25.724985131153478 0.7721648229436033 1.1191740593667756 0.15459926441661906 1.2100416451864362 2.3977464923543224 9
3057.033329173171 2711.9261605411443 43.50643233440589 14.97588461550885 260 29.103854068212907 3.8195106318069496 26.65934584460106 1.2555662083781347 0.9271354345051017 0.10632419112696649 0.5117478562126543 2.444508223611848 9
2794.8148485522206 2716.1106892153057 43.510202305700275 14.975942785799178 261 29.10566644136537 5.146299231707514 -9999.0 -2.077952469642221 0.7574467733002348 0.14303179749806277 -0.41582671194147025 -9999.0 0
2937.133487737915 2715.409152770261 43.50815615952817 14.975933021787117 262 -9999.0 -1.6269360965296211 -9999.0 -0.5467170902848056 1.1249586716801132 0.13002465761708257 -1.4376056483595754 -9999.0 0
2957.0524482143956 2717.4819904792216 43.507869779789274 14.975961806882246 263 26.05017442841186 0.43629015855414777 23.718440810018567 0.1591807080849726 1.0371663977261698 0.20224846604028202 7.6810049651545675 2.3317336183932937 1
2890.939031736782 2718.8342094257573 43.50882030674448 14.975980600655777 264 26.97476376072905 0.31519391849463474 24.962501321013978 0.15423706648141253 0.8241298038687481 0.06233847459222124 2.4422709373170974 2.012262439715073 1
2936.075646929056 2718.849580854462 43.508171367600454 14.975980805729717 265 28.77236760922509 3.6623884248575482 -9999.0 -1.7481990453348708 1.0190122183537322 0.1383628697551566 -0.47812985965176935 -9999.0 0
2811.0336084814858 2720.4294327394805 43.50996912460634 14.976002766938516 266 28.386027849630967 3.3314920200380977 -9999.0 -0.8729454072013929 0.8599702948018124 0.17961342769466002 -1.2454152354575534 -9999.0 0
2899.8679167074347 2720.604003290973 43.50869193386308 14.976005179606405 267 27.366457771384905 0.46933524705513147 25.440610899826115 0.2487879234309762 0.8409083719980919 0.06471002525951951 1.5723528417811714 1.9258468715587895 1
3072.2926692054593 2720.4773120598647 43.50621294466825 14.976003376578483 268 28.183105562355227 1.5779570561106073 27.444328328275017 2.4965047627199035 0.8623118278931599 0.10256510441357385 0.2483493562233683 0.7387772340802101 8
2807.193877722163 2720.2644502048065 43.51002432928953 14.976000475869542 269 -9999.0 -8.49983612216131 -9999.0 -0.8569703357783375 0.855417205428435 0.1576345779090746 -1.1113729906793814 -9999.0 0
2923.1299018167083 2721.001218094603 43.508357491018415 14.976010692182301 270 29.772360570853923 8.082300600863984 -9999.0 -1.6634038280253354 0.9619129004121638 0.12154951799925327 -0.4417095493754353 -9999.0 0
4838.325767006996 2720.6290440285466 43.48082229444709 14.976003497602433 271 -9999.0 -6.738359911775082 28.590708961283415 1.2517623767755743 0.18469373333904754 0.0178165007177609 0.08639941169921528 -9999.0 8
2894.984956542917 2722.7670301195817 43.50876213689366 14.976035222485626 272 28.34355606439303 1.1564790430892802 26.491602454571957 0.6562075702670486 0.8422631033396317 0.0648316933287839 0.5972461901115729 1.8519536098210736 1
3064.360489600383 2723.830310621353 43.50632698626873 14.976049948588125 273 28.841278799529253 2.711556445350329 -9999.0 -11.708465325739738 1.0042210591041436 0.09612890378342956 -0.04962405551053095 -9999.0 0
2916.5312482409627 2722.974764225594 43.508452360953086 14.976038103813442 274 -9999.0 -12.28513707741652 -9999.0 -2.3921149324564066 0.9366490040101161 0.14410183291324788 -0.3641315543985364 -9999.0 0
3075.703030015948 2725.3218615427 43.5061639114808 14.976070660858687 275 28.172309366045308 1.534047335276578 25.816640508285776 0.5473465406837006 0.8289261718927803 0.10070880099950492 1.11208547012156 2.3556688577595324 1
2818.7394095568197 2725.8178024429144 43.509858336017054 14.976077604653842 276 23.36584465910214 0.026349382717468717 22.472974279519963 0.03615790227109408 0.804251605814154 0.14475372928535912 24.188261662490913 0.8928703795821775 0
2956.9625605090387 2725.049849333407 43.5078710703571 14.976066916053055 277 27.252417127102266 2.6081236453970913 24.924574735545473 0.9544957564295347 1.3387206363356876 0.3995603994052886 2.5290911137213925 2.3278423915567927 9
2809.252178326089 2727.0953836954 43.50999473598701 14.976095349757038 278 27.037104457160407 0.30602604256310045 25.27597382555479 0.1891279516956952 0.79519008110601 0.05712730587968883 1.8298051249210197 1.7611306316056172 1
