UGC2369/hst/hst_10592_11_acs_wfc_f814w_j9cv11/hst_10592_11_acs_wfc_f814w_j9cv11_segment-cat.ecsv
# %ECSV 1.0
# ---
# datatype:
# - {name: X-Centroid, unit: pix, datatype: float64, format: 10.3f, description: Pixel Coordinate}
# - {name: Y-Centroid, unit: pix, datatype: float64, format: 10.3f, description: Pixel Coordinate}
# - {name: RA, unit: deg, datatype: float64, format: 13.7f, description: Sky coordinate at epoch of observation}
# - {name: DEC, unit: deg, datatype: float64, format: 13.7f, description: Sky coordinate at epoch of observation}
# - {name: ID, unit: '', datatype: int64, format: 7d, description: Catalog Object Identification Number}
# - {name: CI, unit: mag(AB), datatype: float64, format: 7.3f, description: Concentration Index}
# - {name: Flags, unit: '', datatype: int64, format: 5d, description: Numeric encoding for conditions on detected sources}
# - {name: MagAp1, unit: mag(AB), datatype: float64, format: 7.3f, description: ABMAG of source based on the inner (smaller) aperture}
# - {name: MagErrAp1, unit: mag(AB), datatype: float64, format: 7.3f, description: Error of MagAp1}
# - {name: FluxAp1, unit: electron / s, datatype: float64, format: 10.4f, description: Flux of source based on the inner (smaller) aperture}
# - {name: FluxErrAp1, unit: electron / s, datatype: float64, format: 10.4f, description: Error of FluxAp1}
# - {name: MagAp2, unit: mag(AB), datatype: float64, format: 7.3f, description: ABMAG of source based on the outer (larger) aperture}
# - {name: MagErrAp2, unit: mag(AB), datatype: float64, format: 7.3f, description: Error of MagAp2}
# - {name: FluxAp2, unit: electron / s, datatype: float64, format: 10.4f, description: Flux of source based on the outer (larger) aperture}
# - {name: FluxErrAp2, unit: electron / s, datatype: float64, format: 10.4f, description: Error of FluxAp2}
# - {name: MSkyAp2, unit: electron / (pix s), datatype: float64, format: 7.3f, description: Sky estimate from an annulus outside Aperture
#     2}
# - {name: Bck, unit: electron / s, datatype: float32, format: 10.4f, description: Background at the position of the source centroid}
# - {name: Area, unit: pix2, datatype: float64, format: 8.3f, description: Total unmasked area of the source segment}
# - {name: FWHM, unit: pix, datatype: float64, format: 8.3f, description: Circularized FWHM of 2D Gaussian function having the same second-order
#     central moments as the source}
# - {name: MagSegment, unit: mag(AB), datatype: float64, format: 7.3f, description: Magnitude corresponding to FluxSegment}
# - {name: FluxSegment, unit: electron / s, datatype: float64, format: 10.4f, description: Sum of unmasked data values in the source segment}
# - {name: FluxSegmentErr, unit: electron / s, datatype: float32, format: 10.4f, description: 'Uncertainty of FluxSegment, propagated
#     from the input error array'}
# - {name: KronRadius, unit: pix, datatype: float64, format: 8.4f, description: The unscaled first-moment Kron radius}
# - {name: Xmin, unit: pix, datatype: int64, format: 8.0f, description: Minimum X pixel within the minimal bounding box containing the
#     source segment}
# - {name: Ymin, unit: pix, datatype: int64, format: 8.0f, description: Minimum Y pixel within the minimal bounding box containing the
#     source segment}
# - {name: Xmax, unit: pix, datatype: int64, format: 8.0f, description: Maximum X pixel within the minimal bounding box containing the
[...]
# - h12: [RA and Dec values in this table are in sky coordinates (i.e. coordinates at the epoch of observation]
# - h12.1: [and an undistorted a posteriori solution aligned by visit to GAIAEDR3).]
# - h13: [Magnitude values in this table are in the ABMAG system.]
# - h14: ['Column titles in this table ending with Ap1 refer to the inner photometric aperture ']
# - h14.1: ['(radius = 1.000000000000064 pixels, 0.05 arcsec.']
# - h15: ['Column titles in this table ending with Ap2 refer to the outer photometric aperture ']
# - h15.1: ['(radius = 3.000000000000192 pixels, 0.15 arcsec.']
# - h16: [CI = Concentration Index (CI) = MagAp1 - MagAp2.]
# - h17: ['Flag Value Identification:']
# - h17.1: ['    0 - Stellar Source (0.9 < CI < 1.23)']
# - h17.2: ['    1 - Extended Source (CI > 1.23)']
# - h17.3: ['    2 - Questionable Photometry (Single-Pixel Saturation)']
# - h17.4: ['    4 - Questionable Photometry (Multi-Pixel Saturation)']
# - h17.5: ['    8 - Faint Detection Limit']
# - h17.6: ['   16 - Hot pixels (CI < 0.9)']
# - h17.7: ['   32 - False Detection Swarm Around Saturated Source']
# - h17.8: ['   64 - False Detections Near Image Edge']
# - h17.9: ['  128 - Bleeding and Cosmic Rays']
# - h18: ['#=================================================================================================']
# schema: astropy-2.0
X-Centroid Y-Centroid RA DEC ID CI Flags MagAp1 MagErrAp1 FluxAp1 FluxErrAp1 MagAp2 MagErrAp2 FluxAp2 FluxErrAp2 MSkyAp2 Bck Area FWHM MagSegment FluxSegment FluxSegmentErr KronRadius Xmin Ymin Xmax Ymax X2 Y2 XY CXX CYY CXY Elongation Ellipticity Theta
[from data line 148]
2685.9358261320044 2225.50673405458 43.51175977562975 14.969130817996769 149 0.7060886275749425 16 23.678268392933408 0.004062099262384628 7.97052654848085 0.029821377925210602 22.972179765358465 0.006628730498540005 15.272933602532724 0.09324874345886076 0.1871217652371055 0.17166224 16.0 2.4399415078832343 22.96428210245144 15.384434208273888 3.9301522 3.5 2684 2224 2688 2227 1.2327683330393804 0.9144360157838526 -0.006910838508143147 0.811216788989291 1.0936165586595505 0.012261521040362391 1.1612509978576282 0.1388597281338121 -1.243082511916684
426.36657464390197 2228.622816995059 43.54424506887357 14.969171760514776 150 -9999.0 24 1.7976931348623157e+308 1.7976931348623157e+308 0.0 0.0029052523061965678 1.7976931348623157e+308 1.7976931348623157e+308 0.0 0.008715756918589702 0.0 0.17166224 40.0 3.4401361949996367 -9999.0 -6.86648964881897 0.39262423 3.5 423 2225 430 2232 2.0545690732518054 2.213837901507251 0.1855286159694056 0.4904314323860075 0.4551486144694026 -0.08220029552888289 1.0995318379839274 0.09052201541196514 56.61522615382758
407.49491743652067 2241.7986859926095 43.54451641038624 14.969354719796508 151 -9999.0 24 1.7976931348623157e+308 1.7976931348623157e+308 0.0 0.0029052523061965678 1.7976931348623157e+308 1.7976931348623157e+308 0.0 0.008715756918589702 0.0 0.17166224 53.0 4.286706557976573 -9999.0 -9.098098784685135 0.4519444 3.5 404 2238 411 2246 2.900101941245637 3.7275860987442195 -1.4364479749156212 0.4261561016719214 0.33155401511685295 0.32844369145533275 1.6259130546622984 0.3849609626218914 -53.03403012471228
2611.663908573963 2243.0988443798797 43.512827566867095 14.969375149114352 152 1.2405078531851998 0 23.823302248203216 0.005617590031839826 6.97386394852961 0.03608391692057389 22.582794395018016 0.0055981730734299484 21.86133160147317 0.11272314444201005 0.18746979041311113 0.17166224 30.0 3.6530974614929095 22.42902149951389 25.187540978193283 5.0329366 3.5 2609 2240 2614 2246 2.0168117178986695 2.796423276574419 -1.2805660771878025 0.6991041143160501 0.5042016999339831 0.6402814772105782 1.8725967655507798 0.4659822026842635 -53.46515447737613
3741.024945470417 2250.3983140762743 43.49659098636616 14.969476051260642 153 1.2811279659948553 1 24.114245046078043 0.004777225648709054 5.334532328819056 0.023472657884408245 22.833117080083188 0.00458430756693791 17.35991273868122 0.07330126124096724 0.18516720388936508 0.17166224 42.0 3.7642043453205454 22.706447008743094 19.50812664628029 4.4350863 3.5 3738 2247 3744 2254 2.473364160874181 2.6371068728115277 1.678412446967617e-05 0.40430762920481217 0.37920344084388535 -5.14651085442625e-06 1.0325707864826053 0.03154339335277512 89.99412700895152
2679.454515299788 2267.3448883550386 43.5118529568847 14.969711903338096 154 0.8148390171922486 16 23.449296756061553 0.003244328243180646 9.84182565638642 0.029409701521114825 22.634457738869305 0.004796446624935551 20.84544997291409 0.09209181925748056 0.18777567597952755 0.17166224 21.0 2.8347151562417676 22.6292770092842 20.945154398679733 4.5866275 3.5 2677 2265 2682 2269 1.8083956507186887 1.089838029801868 -0.07680445257154891 0.5546364029893152 0.9203221317928141 0.07817408485110718 1.295871079039815 0.2283182978811772 -6.033359915912428
2487.9967733565445 2269.0362902592974 43.51460550715137 14.969735374160186 155 0.8232925856799298 16 24.035803445415095 0.004495483492000426 5.734202050456694 0.023743216963823397 23.212510859735165 0.006575095237536228 12.24024261145915 0.07412799198755923 0.18051167701260518 0.17166224 19.0 2.651403254750563 23.219599108669986 12.16059224307537 3.497687 3.5 2486 2267 2490 2271 1.4191605492297747 1.1163540631296383 -0.1535148152567747 0.7152819775155179 0.9092992963355229 0.19672321579940147 1.187374641937379 0.15780583088051237 -22.698384842020758
458.0848728214738 2332.2471344233736 43.543789279518265 14.970611051506083 156 -9999.0 24 1.7976931348623157e+308 1.7976931348623157e+308 0.0 0.0029052523061965678 1.7976931348623157e+308 1.7976931348623157e+308 0.0 0.008715756918589706 0.0 0.17166224 18.0 2.537403809411997 -9999.0 -3.0899203419685364 0.26338032 3.5 456 2330 460 2334 1.2455142379418787 1.0766542251893445 -0.09133855773300535 0.8079074877436885 0.9346178702337354 0.13707855871596406 1.1135346603924539 0.10195880238917732 -23.62542077837453
4722.846077733635 2336.1838805333377 43.482475395234005 14.970666167581392 157 2.2985235308310052 1 25.44744864323214 0.02294455422320888 1.5624816029790032 0.03302058014397906 23.148925112401134 0.008628757062881283 12.978494723803097 0.10314845538692402 0.18905686671009647 0.17166224 31.0 4.212527981562603 22.807766793630638 17.77000918984413 4.229595 3.5 4720 2333 4726 2339 3.2307974680820135 3.1694997895338357 -2.2421632670845915 0.608032343216249 0.6197916029090368 0.8602668406293582 2.3837906899849606 0.58050008157121 -44.60842731599891
2624.7037965484433 2346.1620571985045 43.5126401029795 14.970806583630802 158 2.3421298304766296 1 24.24004975125018 0.008291148626959807 4.7508844677790565 0.036281006937340876 21.89791992077355 0.0029991074291293965 41.0796184836058 0.11347719349726758 0.1868672781217266 0.17166224 73.0 5.60618002950703 21.362471016064173 67.26760470867157 8.218816 3.5 2620 2341 2630 2351 6.173393458190489 5.162313951689596 -3.0484715436266936 0.22866565949314419 0.2734516148452706 0.2700652314031891 1.8432369290781503 0.457476147409804 -40.29205582154743
435.3442479338526 2350.7152383395246 43.544116257306634 14.970867506676639 159 -9999.0 24 1.7976931348623157e+308 1.7976931348623157e+308 0.0 0.002905252306196568 1.7976931348623157e+308 1.7976931348623157e+308 0.0 0.008715756918589706 0.0 0.17166224 47.0 3.4612812921083123 -9999.0 -8.06812533736229 0.4255945 3.5 432 2347 439 2354 2.1939973549399427 2.1270431538812873 0.015693795883237983 0.45581312001130697 0.4701610203943912 -0.006726180475752164 1.0172620296640997 0.016969108411330036 12.558403165787574
4765.534252352923 2363.6795595416293 43.48186162042934 14.971047973583707 160 1.0340490360734904 0 24.717363772812984 0.012140199196351297 3.060898022039372 0.03422668481834361 23.683314736739494 0.014637468001839994 7.933566660147541 0.10696078854966769 0.17814567253507418 0.17166224 15.0 2.4783940640673094 23.694104877546263 7.855112671852112 2.8129911 3.5 4764 2362 4767 2366 0.9546331627168798 1.2607827363429809 0.32786878586386975 1.1502578311960954 0.8709464681596572 -0.5982531766552951 1.4036599408311063 0.2875767335727337 57.51342247278147
465.7871701334774 2368.7241141670993 43.54367862082314 14.97111769169422 161 -9999.0 24 1.7976931348623157e+308 1.7976931348623157e+308 0.0 0.002905252306196568 1.7976931348623157e+308 1.7976931348623157e+308 0.0 0.008715756918589702 0.0 0.17166224 18.0 2.6021768825094695 -9999.0 -3.0899203419685364 0.26338032 3.5 464 2367 468 2371 1.3090543949773474 1.1331846841734259 -0.22731216302020904 0.7914795549292872 0.9143167961810648 0.3175350534294978 1.2242269637875245 0.183158001269478 -34.425612593223114
2714.8718223353267 2372.747643586215 43.51134376830848 14.971175830727894 162 0.6713604086678231 16 23.674782413710023 0.004418457723984748 7.996158688656583 0.03254185237183608 23.0034220050422 0.007438027770026736 14.839715257516604 0.10166548234751584 0.19747955341861673 0.17166224 18.0 2.581295353236125 22.97191069970142 15.276718989014626 3.9174082 3.5 2713 2371 2717 2375 1.3142671116217572 1.0889330627105434 -0.11270024984290396 0.7676935614410286 0.9265531869279994 0.15890647302384467 1.1427160846193865 0.12489198895535103 -22.504223493532812
2698.4572777677654 2407.8802025138107 43.51157975877659 14.971663782960329 163 0.4567160552414933 16 21.454898230712008 0.0005940970072370265 61.77817542468121 0.03380512953151619 20.998182175470514 0.0012193954216022465 94.08524056055533 0.10567109844329661 0.1985350146682726 0.17166224 61.0 3.8703593074356264 20.97775121149378 95.87246312201023 9.807287 3.5 2695 2404 2703 2412 2.7811380633056446 2.6216398707229343 -0.01028855871022836 0.35957025349771604 0.38144618168291616 0.002822248551280054 1.0302226825209757 0.029336067855757264 -3.675607630697714
3181.8497039170593 2406.5458056019884 43.50463005917809 14.971645147248834 164 3.2132447391033736 1 29.774051449643824 1.2706312379454148 0.0290518497888812 0.03400035724587856 26.56080671054045 0.20580896875147112 0.5603658824326025 0.10622485436765407 0.31709587226991787 0.17166224 20.0 3.0119635359972716 24.61314465942439 3.3692753612995148 1.8564353 3.9507831994626135 3180 2405 3184 2409 1.8282269300459248 1.4437781348988 -0.26807927309048163 0.5622873091903287 0.712012999945365 0.20880988494303795 1.2268320187663677 0.18489248348315612 -27.17892260581912
3161.7167831360593 2412.4047386694247 43.504919506294414 14.971726529782755 165 3.1324861369499004 9 31.61046395841142 5.826655679319484 0.005353142279204137 0.028728854069568047 28.47797782146152 1.0166584159538516 0.0958524551416211 0.08975702791707482 0.33348768826612496 0.17166224 55.0 5.178808876113604 23.536279672346584 9.0841124355793 3.0489461 3.95711130066096 3158 2408 3166 2417 4.982004326696277 4.691288058929164 1.1351021662966878 0.21243350062588168 0.22559787545746168 -0.10280064823368296 1.272742459893119 0.21429508992418078 41.351286415983544
4523.608142926125 2410.8635416967168 43.48533968495563 14.971703729086823 166 1.2607196866453663 1 24.636779957683526 0.009005974390626802 3.29672245919913 0.02734659486096673 23.37606027103816 0.008809978724911552 10.528591152517839 0.08543489366949816 0.19343700631172794 0.17166224 17.0 2.6164599016874694 23.50806970024932 9.323231965303421 3.0641062 3.5 4522 2409 4525 2413 1.0034535506247053 1.465669389328721 -0.14929633135327552 1.0118939066916506 0.6927814286892425 0.20614751060194877 1.254410388984262 0.2028127247816135 -73.56871614543455
4759.646339110404 2424.896096968921 43.481946153035324 14.97189821406167 167 1.2504954127682169 1 24.430727288738783 0.009468906345376317 3.9856894250093977 0.03476109412100098 23.180231875970566 0.009345944662910938 12.609608980578868 0.1085462906451459 0.18612914461944552 0.17166224 26.0 3.3621759675481115 23.01253580406183 14.71567027270794 3.849139 3.5 4758 2422 4762 2429 1.484375025630878 2.5927631182573303 -0.7124871737410694 0.7760452310473935 0.4442913244234007 0.4265119859741197 1.6091214178532858 0.37854285642776986 -63.93842766690563
481.29113393572527 2429.4962845600935 43.54345584798524 14.971961780626044 168 -9999.0 24 1.7976931348623157e+308 1.7976931348623157e+308 0.0 0.0029052523061965678 1.7976931348623157e+308 1.7976931348623157e+308 0.0 0.008715756918589702 0.0 0.17166224 78.0 4.247968537892411 -9999.0 -13.389654815196991 0.5482699 3.5 477 2425 486 2434 3.134269175629283 3.374174198671936 -0.29814613667699114 0.32175812549099114 0.2988810047600996 0.05686187873603426 1.1041526732205165 0.09432814478158269 -55.95814963875882
4466.199138430448 2442.8868459375212 43.486164997744226 14.972148589681545 169 1.5548325478036844 1 24.12307661438364 0.007166538187134987 5.291316310861086 0.03492716256976715 22.568244066579954 0.005345091536284624 22.15627481246786 0.10907922720430888 0.19645987779407165 0.17166224 38.0 3.778615455308974 22.421472344768734 25.363280922174454 5.0507154 3.5 4463 2440 4469 2446 2.397168678946175 2.7525077388262003 -0.28582761931184014 0.42238869777741916 0.36785980376014676 0.08772389934237435 1.1404901606305216 0.12318401813554558 -60.93247568573446
2751.4521161079815 2447.0124101221463 43.51081785386814 14.972207284881216 170 0.6183524149906745 16 23.87149240925429 0.005420752497012919 6.671099314355624 0.03330789192789391 23.253139994263616 0.009585830254715995 11.790666952441965 0.10410180712535527 0.2106443919421892 0.17166224 16.0 2.4565517760587445 23.215634594943122 12.205077230930328 3.5023904 3.5 2750 2445 2753 2449 0.9209412585124965 1.2555974325856925 -0.0016240363545952914 1.0858480621615691 0.7964354298344605 0.0028089524281452627 1.1676494141061011 0.1435785537000811 -89.72196088264629
2992.26193052021 2492.3411717691765 43.50735572652622 14.972836814795341 171 0.6758960093245889 16 27.112827138630326 0.1042580304491589 0.3370260841410653 0.03236407455332041 26.436931129305737 0.17482206039107837 0.6280900566921517 0.10113659189653787 0.34133739368668914 0.17166224 15.0 2.5718251743237763 24.665280315439002 3.211310088634491 1.8080703 3.948593489915813 2991 2490 2994 2494 0.9818459786030893 1.4037529651675185 0.04166124508104022 1.0197738884147607 0.7132742842006972 -0.06053066450680315 1.1999303341856329 0.1666182848201111 84.41420241037571
496.9221959069941 2499.0210962685474 43.5432312641145 14.972927434043036 172 -9999.0 24 1.7976931348623157e+308 1.7976931348623157e+308 0.0 0.0029052523061965678 1.7976931348623157e+308 1.7976931348623157e+308 0.0 0.008715756918589702 0.0 0.17166224 21.0 2.629426940733435 -9999.0 -3.604907065629959 0.28448325 3.5 495 2497 499 2501 1.2295269182180943 1.2641303563702346 -0.005624627622901248 0.8133375040156585 0.7910737605059827 0.0072377355211430796 1.0146994600749164 0.014486516109736725 -80.99556964195429
2701.4618674888134 2515.6062725123547 43.51153656233053 14.973159978386418 173 0.6149738541315983 16 23.698452397023527 0.005511526697480103 7.823722013697406 0.039716913283739566 23.08347854289193 0.009773683960772309 13.78487882101863 0.12409417798119154 0.25493196561320186 0.17166224 23.0 2.9169653614710356 22.942060539934577 15.702548876404762 3.9738126 3.5 2699 2513 2704 2518 1.636346318928054 1.4325137870700237 0.04429240785945854 0.6116294641318814 0.6986582825336674 -0.037822381786077955 1.0752443847733475 0.06997886791030161 11.744787999469034
2719.9497402678944 2516.5464070883504 43.511270761563864 14.973173035713096 174 0.8327411449804387 16 23.560614824246525 0.004458236445693713 8.882770470681827 0.036475537488372116 22.727873679266086 0.006467976208228753 19.12691369114689 0.11394715178334978 0.2540854091530367 0.17166224 31.0 3.310518741848337 22.588775908406095 21.74122479557991 4.675542 3.5 2717 2514 2723 2519 2.1103659831337054 1.8424504776054298 -0.1147279238856039 0.4754609907276943 0.5445990073192397 0.0592131544568577 1.0936019698376407 0.08559052783302612 -20.28917723250815
2723.1288976776455 2524.1266208830416 43.511225054581324 14.973278316412236 175 2.1969665123547664 9 32.83067845449287 24.050413235077674 0.0017398947916414942 0.038542128326920236 30.633711942138103 9.983941506049282 0.013161627431864886 0.12103243843064627 0.26078016166539153 0.17166224 22.0 2.825505589225496 25.211234353944203 1.9422298669815063 1.4237326 3.5 2721 2522 2725 2526 1.4433961930131907 1.436036219990069 0.1119786122533202 0.697027136604982 0.7005995401769698 -0.10870496213594272 1.081098775387905 0.07501513944348548 44.05887456644683
2726.221981468962 2532.5325891760235 43.51118058502192 14.973395065916426 176 0.7520813141308338 16 23.792863455479303 0.0051897524577551426 7.172143786315209 0.03428355055945715 23.04078214134847 0.00810752758803824 14.337766829499508 0.10706810363915152 0.2691845731209901 0.17166224 28.0 3.215181102613895 22.8502035733888 17.088854044675827 4.146898 3.5 2724 2530 2729 2535 1.8284482001306817 1.89997694986944 -0.040108858136215106 0.5471652342227765 0.5265660132126692 0.023101514739974356 1.0292540243854837 0.028422550402899538 -65.86141788232126
4471.973307532589 2553.651764235405 43.4860818002655 14.973686981998798 177 2.276135758858935 1 26.10133181233262 0.127545607054576 0.8555820113251915 0.10051186056870834 23.825196053473686 0.0489531051603852 6.961710325393445 0.31389641489833725 0.26087471009906293 0.17166224 83.0 6.134744653214611 22.519173593819207 23.180613845586777 4.8477297 3.5 4467 2549 4477 2558 7.907617856156463 5.666372277418954 2.5411731993284903 0.1477543767668752 0.20619632647560782 -0.13252551860023382 1.5444372773414459 0.35251498091177 33.10158683135147
