UGC2369/hst/hst_10592_11_acs_wfc_f814w_j9cv11/hst_10592_11_acs_wfc_f814w_j9cv11_point-cat.ecsv
# %ECSV 1.0
# ---
# datatype:
# - {name: X-Center, unit: pix, datatype: float64, format: 10.3f, description: Pixel Coordinate}
# - {name: Y-Center, unit: pix, datatype: float64, format: 10.3f, description: Pixel Coordinate}
# - {name: RA, unit: deg, datatype: float64, format: 13.7f, description: Sky coordinate at epoch of observation}
# - {name: DEC, unit: deg, datatype: float64, format: 13.7f, description: Sky coordinate at epoch of observation}
# - {name: ID, unit: '', datatype: int64, format: 7d, description: Catalog Object Identification Number}
# - {name: MagAp1, unit: mag(AB), datatype: float64, format: 7.3f, description: ABMAG of source based on the inner (smaller) aperture}
# - {name: MagErrAp1, unit: mag(AB), datatype: float64, format: 7.3f, description: Error of MagAp1}
# - {name: MagAp2, unit: mag(AB), datatype: float64, format: 7.3f, description: ABMAG of source based on the outer (larger) aperture}
# - {name: MagErrAp2, unit: mag(AB), datatype: float64, format: 7.3f, description: Error of MagAp2}
# - {name: MSkyAp2, unit: electron / (pix s), datatype: float64, format: 7.3f, description: Sky estimate from an annulus outside Aperture
#     2}
# - {name: StdevAp2, unit: electron / (pix s), datatype: float64, format: 7.3f, description: Standard deviation of sky estimate from annulus
#     outside Aperture 2}
# - {name: FluxAp2, unit: electron / s, datatype: float64, format: 10.4f, description: Flux of source based on the outer (larger) aperture}
# - {name: CI, unit: mag(AB), datatype: float64, format: 7.3f, description: Concentration Index}
# - {name: Flags, unit: '', datatype: int64, format: 5d, description: Numeric encoding for conditions on detected sources}
# meta: !!omap
# - h00: [' #==================================================================================================']
# - h01: [' # All refereed publications based on data obtained from the HAP must carry the following footnote: ']
# - h02: [' #                                                                                                  ']
# - h03: [' #     Based on observations made with the NASA/ESA Hubble Space Telescope                          ']
# - h04: [' #     and obtained from the Hubble Advanced Products collection generated                          ']
# - h05: [' #     by the Space Telescope Science Institute (STScI/NASA).                                       ']
# - h06: [' #                                                                                                  ']
# - h07: [' # One copy of each paper resulting from data obtained from the HAP should be sent to the STScI.    ']
# - h08: [' #==================================================================================================']
# - {WCSNAME: IDC_4bb1536oj-FIT_SVM_GAIAeDR3}
# - {WCSTYPE: undistorted a posteriori solution aligned by visit to GAIAEDR3}
# - {Proposal ID: 10592}
# - {Image File Name: HST_10592_11_ACS_WFC_F814W_J9CV11_DRC.FITS}
# - {Target Name: UGC02369}
# - {Date Observed: '2006-07-22'}
# - {Time Observed: '17:09:23'}
# - {Instrument: ACS}
# - {Detector: WFC}
# - {Target RA: 43.5075}
# - {Target DEC: 14.97361111111}
# - {Orientation: 0.0}
# - {Aperture RA: 43.50828864504}
# - {Aperture DEC: 14.97395622954}
# - {Aperture PA: 72.775146}
# - {Aper1 (arcsec): 0.05}
# - {Aper2 (arcsec): 0.15}
[...]
# - h10.4: ['the selected aperture. For details, see Whitmore et al., 2016 AJ, 151, 134W.']
# - h10.5: [' ']
# - h11: ['The X and Y coordinates in this table are 0-indexed (i.e. the origin is (0,0)).']
# - h12: [RA and Dec values in this table are in sky coordinates (i.e. coordinates at the epoch of observation]
# - h12.1: [and an undistorted a posteriori solution aligned by visit to GAIAEDR3).]
# - h13: [Magnitude values in this table are in the ABMAG system.]
# - h14: ['Column titles in this table ending with Ap1 refer to the inner photometric aperture ']
# - h14.1: ['(radius = 1.000000000000064 pixels, 0.05 arcsec.']
# - h15: ['Column titles in this table ending with Ap2 refer to the outer photometric aperture ']
# - h15.1: ['(radius = 3.000000000000192 pixels, 0.15 arcsec.']
# - h16: [CI = Concentration Index (CI) = MagAp1 - MagAp2.]
# - h17: ['Flag Value Identification:']
# - h17.1: ['    0 - Stellar Source (0.9 < CI < 1.23)']
# - h17.2: ['    1 - Extended Source (CI > 1.23)']
# - h17.3: ['    2 - Questionable Photometry (Single-Pixel Saturation)']
# - h17.4: ['    4 - Questionable Photometry (Multi-Pixel Saturation)']
# - h17.5: ['    8 - Faint Detection Limit']
# - h17.6: ['   16 - Hot pixels (CI < 0.9)']
# - h17.7: ['   32 - False Detection Swarm Around Saturated Source']
# - h17.8: ['   64 - False Detections Near Image Edge']
# - h17.9: ['  128 - Bleeding and Cosmic Rays']
# - h18: ['#=================================================================================================']
# schema: astropy-2.0
X-Center Y-Center RA DEC ID MagAp1 MagErrAp1 MagAp2 MagErrAp2 MSkyAp2 StdevAp2 FluxAp2 CI Flags
[from data line 70]
2997.749759282308 2246.86782074078 43.507284793369784 14.969425489074514 71 25.54215694070881 0.09851319572232506 23.80670812097186 0.06223031841590861 0.6070170382321887 0.07290081093028918 7.08126947263294 1.735448819736952 1
3016.037495963284 2246.83314302911 43.507021874574896 14.969425002493098 72 26.697194956337203 0.2982948825399501 24.78122906985372 0.15980589475122237 0.648023300397564 0.07617090291623095 2.88604263069875 1.9159658864834839 1
3012.1116179001565 2250.0671495185115 43.50707831514657 14.969469920336564 73 27.13785455407015 0.4368380506743989 24.917436694878457 0.17695333740206795 0.6824242985077043 0.07432649993703308 2.54577309247874 2.2204178591916914 1
3741.1911236245855 2250.2280728310475 43.49659649591437 14.969471715499692 74 24.12434390261554 0.0047993478548684285 22.82692347807375 0.004535742910999596 0.1830025885569847 0.013009778021848812 17.459225674865703 1.2974204245417909 1
3003.8706577566845 2252.059346074027 43.50719679310683 14.969497591970022 75 27.301887257150828 0.557318278849123 25.397208349125915 0.30136445782619964 0.676441785407393 0.08155440674039677 1.6364812366813553 1.9046789080249127 1
3009.5866642622173 2253.596432800453 43.50711461486491 14.969518938851248 76 29.50380331761257 4.086801239664782 29.047797557563573 8.412876302673025 0.7145213510868322 0.07866889182502183 0.05671205007719138 0.4560057600489955 8
3005.635872909254 2255.641710407075 43.507171413985525 14.96954734655549 77 27.547287899354725 0.7178278934246602 25.48394560396564 0.33538534223873256 0.656425847582621 0.08379320315803886 1.5108318382090076 2.0633422953890843 1
3034.391535927057 2258.0092512392 43.506757999126116 14.969580220948977 78 25.106805170226945 0.05526219712827329 23.625425601161165 0.04411231756124257 0.5785586749093008 0.061060538012582266 8.368047358401714 1.4813795690657798 1
3086.915416920369 2261.958334213859 43.50600287279088 14.969635052573963 79 25.968257988447544 0.11721236803550167 23.95647379010948 0.05741907284244577 0.42590737302148707 0.058572770169850644 6.1688591421775545 2.011784198338063 1
2989.5049430946588 2263.0653087740416 43.50740332302118 14.969650456314922 80 26.087630905361177 0.12699522137421487 24.527366244978477 0.09443455896027766 0.6213257908821106 0.056840824916907264 3.646262003780727 1.5602646603826997 1
3042.3681186742924 2264.8141816108205 43.50664331932053 14.969674731485922 81 26.994960850364965 0.4714618157532082 25.10396127431427 0.25817156320218326 0.5899847770390445 0.09153329931924242 2.143926340667619 1.890999576050696 1
2992.2303168735302 2266.1088483192566 43.50736414006425 14.969692726999126 82 26.520873797860933 0.19702818573625178 24.507758998335166 0.09674725872137566 0.6178080377294057 0.059155214751990016 3.7127078007112004 2.0131147995257663 1
3046.6752442276384 2266.695179581074 43.50658139604652 14.969700855146478 83 26.37722251507216 0.2565936066184957 24.52903115021331 0.14612208655364803 0.5070465332796785 0.08800023573734146 3.640674984987383 1.8481913648588488 1
3062.2833424447576 2267.76563814248 43.50635700117672 14.96971571773587 84 25.377503300913656 0.049721456791566435 23.952675448707982 0.04179953492304331 0.45987548952552204 0.04280084526069362 6.19047808340566 1.4248278522056737 1
2953.74503574398 2269.5185441826193 43.50791743446896 14.96974009312075 85 26.328663775388396 0.7597908297204597 28.489282406144316 17.37032742270286 0.9819931587944293 0.2725251447950445 0.09485962585955576 -2.16061863075592 8
2999.250822584477 2269.6400802746193 43.507263206693715 14.96974177005832 86 24.864622869857048 0.04221499574099926 23.422370051734088 0.03494313873334829 0.682339656678483 0.058296371413409 10.08895881486248 1.4422528181229595 1
3011.2504256293046 2270.137251190085 43.507090690619755 14.969748671981831 87 25.19243270695384 0.06373036089845617 23.511872020360922 0.04243867371107401 0.6461084651690658 0.0650601684947697 9.290638494918998 1.6805606865929192 1
3035.820270783897 2269.9369763115296 43.50673745483914 14.969745883372344 88 26.49831468837817 0.18811669327446812 24.439347628723016 0.08826939922072975 0.6081262019173852 0.057689660613041406 3.9541698319549496 2.058967059655153 1
3046.346226324524 2269.873737271166 43.5065861252641 14.969745001881225 89 26.45947983260319 0.3113428556362952 24.52932323876914 0.1643655677939516 0.5096627689293913 0.09899314489341274 3.6396956895866435 1.9301565938340488 1
3039.1010735033396 2273.2198181694494 43.506690286364865 14.969791477419879 90 26.420948565845794 0.2385439728466579 24.44943159264724 0.12130517845287948 0.5997651667939019 0.07857301583793816 3.917614809934836 1.971516973198554 1
2974.792942530501 2275.040585974908 43.50761483147365 14.969816783259176 91 27.122427521514258 0.6777864728089384 25.109717642067242 0.33175327231305407 0.6501996201866722 0.11702359748942916 2.1325897280442447 2.0127098794470157 1
4711.212803453653 2274.8344030587277 43.48265065861062 14.969812142949078 92 -9999.0 -1.8091245853090931 -9999.0 -0.8437509908142233 0.1895964026246985 0.017552833431555906 -0.1262781377722506 -9999.0 0
2981.7892289510596 2278.8954332012795 43.507514246215116 14.969870321091095 93 26.863424366614655 0.7664594079811979 24.254362419797435 0.2165219538849962 0.5838372554327991 0.16800260322146865 4.688667137141021 2.6090619468172207 1
3012.9862316045264 2281.424308699331 43.507065732052354 14.969905436189917 94 26.182685327379364 0.2579272113936293 24.358213905473253 0.15020620252399003 0.6711564522365043 0.10581356905241958 4.26097324919294 1.824471421906111 1
2930.677101804574 2281.626232327338 43.50824907508484 14.96990826035077 95 23.679919578449994 0.043932809849801586 22.381518725822556 0.041551604502591585 1.0010918798346968 0.1806962019850719 26.314000555718238 1.298400852627438 1
3004.7121097809345 2282.321332570785 43.507184687315764 14.969917897107313 96 25.6893638109639 0.1541319503949029 23.984207586257245 0.10057059545754024 0.7129204137758776 0.09954736778310462 6.013278736111669 1.7051562247066556 1
3032.926848572024 2281.7511654022887 43.50677904940614 14.969909970184151 97 25.333529841771156 0.065445265548791 23.878173961418828 0.0535434063509971 0.603143842261413 0.058677094904042194 6.630171851365851 1.4553558803523288 1
452.54865274926703 2286.2441551957495 43.54387667448951 14.969970134245871 98 26.12382657867769 0.2025213546259705 23.787254741969253 0.07354139129361296 -0.17289199611898196 0.08771512717280133 7.209289623458345 2.336571836708437 1
2942.0571469493216 2288.0210331621815 43.50808546488205 14.96999707467243 99 24.24973133257004 0.15639237342717735 22.70922580420041 0.1182094488293469 1.3898614894699408 0.3806590015051699 19.458262063909572 1.5405055283696285 1
2975.6748748010823 2290.0276940678327 43.507602148340794 14.970024937322576 100 24.591310373295546 0.17963321968458926 23.40112528076477 0.1880825715339811 0.9849837948551108 0.31906696837605336 10.288315115108752 1.1901850925307755 0
3072.5545815336254 2292.13979676843 43.506209325292076 14.970054244374511 101 25.105728817487783 0.05817048643823798 23.326528027852643 0.0355697208557797 0.40275314413771357 0.06427093550271246 11.020039690800328 1.7792007896351407 1
2961.4449016582316 2293.7541038054846 43.5078067292505 14.970076696370896 102 20.15310068569652 0.01415071534874302 18.627557197669784 0.010866427041348357 2.1249974622420993 1.4984188027680467 835.1634714001101 1.5255434880267345 1
2998.5127244320247 2293.653022400266 43.50727381164743 14.970075283333964 103 22.963062446086727 0.08282360533046867 21.410085361437513 0.06189545763993442 1.0409698215581602 0.6593820881136272 64.38137167298584 1.5529770846492141 1
3066.234820081988 2294.4857188004353 43.50630018260486 14.970086828689626 104 25.343783679125732 0.07087364680112518 23.28131716838529 0.03330886497417887 0.4686706898979438 0.06290818199574846 11.488610414310589 2.0624665107404425 1
2932.336431862371 2296.2745596056134 43.50822521611956 14.970111709002506 105 23.631938006820757 0.05878468080790706 22.308626817797187 0.054300783305831116 1.0844492744909573 0.2527352032736152 28.14126674227499 1.3233111890235705 1
2919.5281962109657 2297.6692519857634 43.5084093576456 14.970131082260885 106 24.783073506037663 0.14098861197079116 23.537559228881126 0.13994604592317286 1.0643502983553654 0.20994784059517063 9.073412977689465 1.2455142771565377 0
2978.1863097674327 2298.001852050774 43.50756603986638 14.970135688904035 107 24.52055728119611 0.13491821701093643 22.9762073310331 0.10189937583711736 1.046911337669345 0.2557942192411276 15.216383224759223 1.54434995016301 1
3009.743024863643 2297.067099796819 43.50711235461038 14.97012269806528 108 25.240993148256766 0.7196982403752712 22.732953728661062 0.2232552580825424 0.4653075713000887 0.7029716757330593 19.037629843126126 2.508039419595704 1
3064.931964429444 2297.076596272368 43.50631891266857 14.970122813519763 109 25.061939940862626 0.054654915802109925 23.121917112899506 0.02871085187759357 0.4627000614721677 0.0629038278680057 13.305387421277574 1.9400228279631193 1
2928.1104718704546 2299.6133729218745 43.508285971330224 14.970158082260667 110 26.323994076248628 0.6514837529310494 23.705450186023544 0.18292066637107077 0.961415010669171 0.23461520943827957 7.773458698671426 2.6185438902250837 1
2990.6689664889013 2300.394656098387 43.50738657820183 14.97016891916918 111 24.071570276461404 0.2192241501718152 22.345062205711475 0.1397610496656085 1.1488131723470159 0.6286552361331734 27.212565511500138 1.7265080707499294 1
2911.0641132581313 2304.5313318230883 43.508531043013825 14.970226390516004 112 25.019622878136932 0.19811017362804118 23.608157022234966 0.16877299943915972 1.0547130183926945 0.23725602367874749 8.50220477993641 1.411465855901966 1
2926.6041336777535 2307.42459749911 43.50830762609702 14.970266571789509 113 -9999.0 -0.35145940516117896 -9999.0 -0.12234073674490716 1.2775701159799557 0.23593127249802215 -11.668992165945472 -9999.0 0
2946.4892968306294 2307.5289923303676 43.50802174029331 14.970268017598093 114 27.618133118523954 1.9151777487593422 25.270930222750675 0.6913484790256992 0.8341717061711782 0.20937344905245348 1.838324946662727 2.347202895773279 1
2974.0278042399445 2309.162351464996 43.507625823208336 14.970290696848418 115 26.356582454285043 0.9038949764848212 24.03519366803768 0.33298841129059287 0.9140820809423107 0.31598394973184524 5.737423430330505 2.3213887862473612 1
3006.786715263601 2310.343800563777 43.507154853250185 14.970307097488428 116 25.605163157439254 1.208709864354295 22.99961651011318 0.3439327540469096 2.1546755023856665 0.8437910506105375 14.891819575634493 2.605546647326072 1
2941.7499800560668 2312.5123840901892 43.50808987559271 14.970337232386061 117 27.86561785714841 1.0410319541284394 27.710132482521463 2.8203718805437896 0.9183810569835782 0.09063762088736266 0.19442019610230332 0.15548537462694867 8
2908.203796498786 2314.0992912277607 43.508572163518714 14.970359279363192 118 27.86038337032255 2.273269465101122 24.783770426408115 0.4179892820392951 1.0062687316007315 0.19889713703018141 2.8792952401113148 3.0766129439144336 1
3028.304572629102 2314.215061415776 43.50684549326945 14.970360858972763 119 25.285466157094152 0.19199226040767706 23.446042719958033 0.11022125424945768 0.6004595059115871 0.1800035133367887 9.871366621811973 1.8394234371361193 1
3031.67076966049 2314.021445856797 43.506797098035726 14.970358168887255 120 26.0313652610842 0.3018838328612445 23.686716885327197 0.10876912910582578 0.5794163540305708 0.1423959498057466 7.90874577982855 2.3446483757570036 1
2912.23437726522 2316.4336692273414 43.50851421603675 14.970391700540075 121 24.062503204031525 0.07567377956902421 22.769277849055346 0.07194417903955631 1.0352097434896819 0.21880276443864952 18.4112480946097 1.2932253549761796 1
2931.945367129089 2316.194274897544 43.508230834202344 14.970388371791826 122 -9999.0 -20.712653138894648 -9999.0 -0.28303350433563856 0.9247553831469404 0.09298462064569125 -1.992350828667469 -9999.0 0
3000.0114850829395 2317.9525885345292 43.507252257576546 14.970412776909479 123 21.155259939429694 0.021371263260664793 19.62804967087685 0.016369941707357036 2.598811397949855 0.8992474554112928 332.3337908715707 1.5272102685528424 1
2920.2550617735133 2319.6960788293495 43.50839890323273 14.970437010269096 124 25.361692793206057 0.28460306920623396 23.260976781524864 0.12863372235151158 1.019759135195729 0.248694082316386 11.705868935720698 2.100716011681193 1
2942.212068107179 2320.767853072127 43.508083230410655 14.970451891578465 125 26.565136377449452 0.23862715358014872 26.1566259614367 0.5114858830211397 0.931947499113595 0.06882969402876556 0.8131000453377162 0.40851041601275284 0
4741.861696206302 2322.705572839483 43.4822099346401 14.97047696447869 126 25.319787702544563 0.019686910241604794 24.800283579288543 0.038130713137379944 0.1874797250366541 0.017807869462438113 2.835834868421591 0.51950412325602 16
2936.82272743716 2323.0128315976326 43.50816071167628 14.970483072966458 127 26.93822668414815 0.43857294511386924 25.108221567345954 0.2539724396276077 0.8894048464947006 0.08971829269117168 2.135530325161998 1.830005116802198 1
3013.895454837755 2324.0206108393777 43.50705264810982 14.970497051239805 128 25.973420904963046 1.4885684534687578 23.557204145502187 0.5025151266392566 1.2629447354845804 0.7406025614849621 8.910718246386018 2.416216759460859 1
3045.03463881076 2323.0371994259604 43.50660496491915 14.970483383692068 129 25.860378877430225 0.32119637877882695 23.64802851156021 0.13082663424360616 0.5327642347714672 0.17733176979364396 8.195641732619618 2.212350365870016 1
3048.685009087287 2324.4743168229797 43.50655248362358 14.970503342536924 130 24.90494516346519 0.12975120820592556 23.42516222453069 0.10383822607231144 0.6162772936688068 0.172686959440372 10.063046512309619 1.4797829389344983 1
2889.6303545659966 2325.987388325182 43.508839188980375 14.970524395040231 131 26.487727815466233 0.25917627558551265 25.05973586786097 0.21725741592052786 0.5627770811219006 0.08028590439537313 2.233058099800262 1.427991947605264 1
3001.7750712292 2327.8382995478946 43.507226900044216 14.970550077982478 132 25.00022679455913 0.688737867509332 22.373066590636387 0.1924586855020109 1.701314377877499 0.8391385735457135 26.519646674754036 2.6271602039227417 1
3039.744190565681 2326.5972644614367 43.50668102381001 14.970532830639426 133 28.0460580259947 1.8458989965987846 25.678575035678573 0.6523684135280293 0.7535771522605632 0.13610767831010542 1.2628866012802504 2.3674829903161267 1
3018.2175012598245 2327.501796285569 43.50699050966768 14.970545399832423 134 23.866008991755262 0.09209696828083269 22.632495706387157 0.09241971235259727 1.2026393565115652 0.3191640311141576 20.883153815444388 1.2335132853681046 0
3014.709673792053 2329.06492833453 43.50704094075316 14.970567110978653 135 27.052688533136877 2.184407930362583 24.01911462969773 0.41836440993947893 1.3672317360464392 0.4020989172958664 5.823023167218189 3.033573903439148 1
3043.751059405321 2330.216698515535 43.50662341649404 14.970583099346719 136 25.216104852135818 0.099401232194844 23.432414882309434 0.060102772166728886 0.7452672364382908 0.09932560205902904 9.996049934194087 1.7836899698263835 1
3055.991830678126 2329.3348884846505 43.50644743292963 14.970570848200497 137 26.108882527873615 0.35848301510637093 24.05167345844978 0.1684196268973234 0.5320110251879122 0.15742945276742784 5.650995825485273 2.057209069423834 1
2921.009772245775 2331.9832206680544 43.50838805041561 14.970607664869917 138 27.17886762971874 1.7749300286775507 24.896812158450718 0.6780840834433085 0.8798493384495631 0.2909412074579694 2.594594579672041 2.2820554712680234 1
