UGC2369/hst/hst_10592_11_acs_wfc_f814w_j9cv11/hst_10592_11_acs_wfc_f814w_j9cv11_point-cat.ecsv
# %ECSV 1.0
# ---
# datatype:
# - {name: X-Center, unit: pix, datatype: float64, format: 10.3f, description: Pixel Coordinate}
# - {name: Y-Center, unit: pix, datatype: float64, format: 10.3f, description: Pixel Coordinate}
# - {name: RA, unit: deg, datatype: float64, format: 13.7f, description: Sky coordinate at epoch of observation}
# - {name: DEC, unit: deg, datatype: float64, format: 13.7f, description: Sky coordinate at epoch of observation}
# - {name: ID, unit: '', datatype: int64, format: 7d, description: Catalog Object Identification Number}
# - {name: MagAp1, unit: mag(AB), datatype: float64, format: 7.3f, description: ABMAG of source based on the inner (smaller) aperture}
# - {name: MagErrAp1, unit: mag(AB), datatype: float64, format: 7.3f, description: Error of MagAp1}
# - {name: MagAp2, unit: mag(AB), datatype: float64, format: 7.3f, description: ABMAG of source based on the outer (larger) aperture}
# - {name: MagErrAp2, unit: mag(AB), datatype: float64, format: 7.3f, description: Error of MagAp2}
# - {name: MSkyAp2, unit: electron / (pix s), datatype: float64, format: 7.3f, description: Sky estimate from an annulus outside Aperture
#     2}
# - {name: StdevAp2, unit: electron / (pix s), datatype: float64, format: 7.3f, description: Standard deviation of sky estimate from annulus
#     outside Aperture 2}
# - {name: FluxAp2, unit: electron / s, datatype: float64, format: 10.4f, description: Flux of source based on the outer (larger) aperture}
# - {name: CI, unit: mag(AB), datatype: float64, format: 7.3f, description: Concentration Index}
# - {name: Flags, unit: '', datatype: int64, format: 5d, description: Numeric encoding for conditions on detected sources}
# meta: !!omap
# - h00: [' #==================================================================================================']
# - h01: [' # All refereed publications based on data obtained from the HAP must carry the following footnote: ']
# - h02: [' #                                                                                                  ']
# - h03: [' #     Based on observations made with the NASA/ESA Hubble Space Telescope                          ']
# - h04: [' #     and obtained from the Hubble Advanced Products collection generated                          ']
# - h05: [' #     by the Space Telescope Science Institute (STScI/NASA).                                       ']
# - h06: [' #                                                                                                  ']
# - h07: [' # One copy of each paper resulting from data obtained from the HAP should be sent to the STScI.    ']
# - h08: [' #==================================================================================================']
# - {WCSNAME: IDC_4bb1536oj-FIT_SVM_GAIAeDR3}
# - {WCSTYPE: undistorted a posteriori solution aligned by visit to GAIAEDR3}
# - {Proposal ID: 10592}
# - {Image File Name: HST_10592_11_ACS_WFC_F814W_J9CV11_DRC.FITS}
# - {Target Name: UGC02369}
# - {Date Observed: '2006-07-22'}
# - {Time Observed: '17:09:23'}
# - {Instrument: ACS}
# - {Detector: WFC}
# - {Target RA: 43.5075}
# - {Target DEC: 14.97361111111}
# - {Orientation: 0.0}
# - {Aperture RA: 43.50828864504}
# - {Aperture DEC: 14.97395622954}
# - {Aperture PA: 72.775146}
# - {Aper1 (arcsec): 0.05}
# - {Aper2 (arcsec): 0.15}
[...]
# - h10.4: ['the selected aperture. For details, see Whitmore et al., 2016 AJ, 151, 134W.']
# - h10.5: [' ']
# - h11: ['The X and Y coordinates in this table are 0-indexed (i.e. the origin is (0,0)).']
# - h12: [RA and Dec values in this table are in sky coordinates (i.e. coordinates at the epoch of observation]
# - h12.1: [and an undistorted a posteriori solution aligned by visit to GAIAEDR3).]
# - h13: [Magnitude values in this table are in the ABMAG system.]
# - h14: ['Column titles in this table ending with Ap1 refer to the inner photometric aperture ']
# - h14.1: ['(radius = 1.000000000000064 pixels, 0.05 arcsec.']
# - h15: ['Column titles in this table ending with Ap2 refer to the outer photometric aperture ']
# - h15.1: ['(radius = 3.000000000000192 pixels, 0.15 arcsec.']
# - h16: [CI = Concentration Index (CI) = MagAp1 - MagAp2.]
# - h17: ['Flag Value Identification:']
# - h17.1: ['    0 - Stellar Source (0.9 < CI < 1.23)']
# - h17.2: ['    1 - Extended Source (CI > 1.23)']
# - h17.3: ['    2 - Questionable Photometry (Single-Pixel Saturation)']
# - h17.4: ['    4 - Questionable Photometry (Multi-Pixel Saturation)']
# - h17.5: ['    8 - Faint Detection Limit']
# - h17.6: ['   16 - Hot pixels (CI < 0.9)']
# - h17.7: ['   32 - False Detection Swarm Around Saturated Source']
# - h17.8: ['   64 - False Detections Near Image Edge']
# - h17.9: ['  128 - Bleeding and Cosmic Rays']
# - h18: ['#=================================================================================================']
# schema: astropy-2.0
X-Center Y-Center RA DEC ID MagAp1 MagErrAp1 MagAp2 MagErrAp2 MSkyAp2 StdevAp2 FluxAp2 CI Flags
[from data line 420]
5079.174324128439 3664.7376164868324 43.47735747350218 14.989115625514202 421 -9999.0 -2.4545694850179656 27.858836259627584 0.694971364167034 0.18143127681845328 0.019433049296523813 0.16953519338712653 -9999.0 0
3006.2833157715245 3686.8196581278144 43.507161705751315 14.989424817511502 422 21.895168522560365 0.000793190804589367 21.346419923192546 0.0014940337318086292 0.17763473315013423 0.016807117908064665 68.26944945361441 0.5487485993678192 16
1776.6665582479604 3703.773068484638 43.524841303100835 14.989659932422471 423 23.907812898682845 0.004264172458715263 22.73752165089564 0.004532151396479159 0.18762592630581643 0.014126346371107447 18.957702754109782 1.1702912477872047 0
3034.593035342724 3777.353588441243 43.50675463737877 14.990682225108092 424 23.528894741363207 0.0042304112906044605 22.90117473284833 0.007411019387833749 0.17365166802527543 0.019933615444171156 16.305137919950123 0.6277200085148777 16
5086.713884370876 3786.2490377777876 43.47724879929372 14.990803267578586 425 23.98324319163471 0.006382210235428216 22.926160441956046 0.007529674101330183 0.1782301321220236 0.019788195462015337 15.934197399064317 1.0570827496786634 0
2758.3434666238586 3803.8639121049514 43.51072661011227 14.99105047135126 426 23.424444988303126 0.003218525136476157 22.191017557291648 0.0032275862959692033 0.19058041680021348 0.016673003059782074 31.360815462269223 1.233427431011478 0
4664.188182321074 3845.966674590347 43.48332385482733 14.991633505272727 427 23.109471333066107 0.003795157406241336 21.73959024932152 0.0033584369836347247 0.20012638387606319 0.026350537047674896 47.528955479855036 1.3698810837445876 1
3032.2051041400146 3848.1628800825492 43.50678895004422 14.991665688116422 428 23.514279399494807 0.004338816374656428 22.6340951097235 0.006024059996197132 0.17785234405832778 0.0207266559247724 20.85241338647856 0.8801842897713072 16
975.785168705292 3948.353080141475 43.536356881466034 14.993055916076433 429 24.814306784663646 0.012894112070120553 24.236358350326686 0.023653307790909035 0.17814270145046834 0.018586514182221722 4.767064517627308 0.5779484343369603 16
3137.577466976425 3961.622518165648 43.50527383163808 14.993241480315467 430 21.346932163902846 0.0006233916935818358 20.762118119024894 0.0011361564452820059 0.17864404502561537 0.02192806184885419 116.93570066696785 0.5848140448779517 16
3140.49348492948 4003.789599222029 43.50523188695621 14.993827133018247 431 24.290967369220954 0.008121299271150703 23.726658582646724 0.015086442388359074 0.17691347689555365 0.01895974254861193 7.62308806239605 0.5643087865742302 16
987.0600078813202 4005.155711540526 43.53619485876522 14.99384485889619 432 22.892879348867655 0.003949017646158109 21.963634555338626 0.005254440843209858 0.1766260271683497 0.03348761521860549 38.66700617099888 0.9292447935290298 0
2234.7465496612845 4012.5072992207065 43.51825510066802 14.993948196815253 433 22.706641016478958 0.0013964957018991497 22.202884318367875 0.0027426817017777265 0.18374525908737965 0.013984190802625708 31.019917790730425 0.5037566981110828 16
2552.141703886674 4062.3248263111363 43.5136914644216 14.99464019641316 434 22.028037065647606 0.0025070112461308743 20.72228078331398 0.002353426120771305 0.19275470139229134 0.04719198570242455 121.30593692785015 1.3057562823336255 1
971.8497825784624 4065.488117993234 43.536413655327756 14.994682785127564 435 23.04385063230453 0.0023846485949539234 22.403538024397935 0.004129588195932333 0.18115288125617163 0.017547654710203805 25.78571392166169 0.6403126079065942 16
3090.6252063930588 4094.401756925906 43.50594888154707 14.995085653458931 436 24.039466303854542 0.00622482298701228 23.539265324096636 0.01226816824101574 0.18003894460119613 0.018315230998237363 9.05916646894391 0.5002009797579063 16
987.838199833443 4148.490337306853 43.53618389927394 14.99583561837497 437 22.029859197393794 0.004159889755994989 21.657857798806223 0.009225066628073948 0.24749127974954704 0.07820834687044843 51.24497083908568 0.372001398587571 16
2361.3127145185763 4235.988598832861 43.51643535008203 14.997052149962938 438 23.518381650062988 0.018432794654147128 21.787055151289348 0.011697598435646205 0.2637461293939901 0.08796821468809965 45.49590509895198 1.7313264987736403 1
3172.156419856401 4263.352828792208 43.504776511266684 14.99743216454498 439 19.551074379427245 0.00010158380832899549 19.069279881603695 0.00020360457621635027 0.1771810683374112 0.018661097727274412 556.0097627037059 0.4817944978235502 16
1080.2071249864873 4397.092009197481 43.534856144792904 14.999288557877161 440 23.40316222398243 0.003914610108139435 22.312423642969325 0.00448235828266868 0.19157529340965762 0.02071189796761571 28.043028455682737 1.090738581013106 0
1072.1250427626 4463.947839078063 43.53497245719066 15.000217098936044 441 24.008118939256025 0.031713383784085995 23.339973424964693 0.05351886991741155 0.2688978788436659 0.09641958842344672 10.884412686867906 0.6681455142913322 16
3141.035276169834 4485.9091992901995 43.505223901480434 15.000523237332402 442 23.284830809874517 0.0037587174145440306 21.936925146079414 0.003394444019733054 0.20118002814465558 0.0221874798666762 39.630021817232496 1.3479056637951032 1
2787.4593094061 4533.181429583188 43.510307920613634 15.001179878196247 443 22.791544350138775 0.003960002203811786 21.29179257034333 0.003111154115331907 0.18856902960493171 0.036880718843283714 71.79221316868545 1.4997517797954458 1
1336.1587470600966 4580.664863424659 43.531176106055725 15.001838526127786 444 22.118762345922658 0.0027834999680714824 20.90152876476765 0.002836090963891444 0.1961836163663534 0.04819475461058643 102.84492456060705 1.217233581155007 0
3237.862570106361 4583.747931212587 43.503831585981864 15.001882066123697 445 22.34897185852395 0.001220639974044885 21.26734691400804 0.0014100733148369874 0.1836000493866332 0.01702634694658798 73.42696950115052 1.0816249445159087 0
1398.697372648236 4586.999305612833 43.53027687361178 15.001926580019942 446 20.785607437110745 0.0031394844221528505 19.365086593226355 0.0026527156397759574 0.22955143204197337 0.1856779955096017 423.4086562386865 1.4205208438843897 1
1149.1559661294043 4671.46744044921 43.533865142675204 15.003099425682045 447 22.673750401644742 0.0016615461231829969 21.96156592174844 0.002693727997309759 0.17847083161955013 0.017189105137654852 38.74074794693286 0.7121844798963011 16
1180.6984708416799 4859.156266078292 43.533411858747165 15.005706257932301 448 26.608681721864077 0.3154748293034687 23.98850526802774 0.08822341127696648 -0.16111930068266594 0.08742302472729314 5.98952335420599 2.6201764538363363 1
1281.1071531499806 5109.257748229112 43.53196839305848 15.009180022014096 449 22.890530635268927 0.002479504225385496 22.291688494813886 0.0044739511678658795 0.17717426944605624 0.021032292366795293 28.583734675098594 0.5988421404550408 16
1308.3507779348563 5252.5874369368785 43.53157683160721 15.011170745989048 450 23.331036108142126 0.003428340498636049 22.753070930212896 0.006289093031246724 0.17616804996855023 0.0193790110454624 18.688136508438202 0.5779651779292294 16
