UGC2369/hst/hst_10592_11_acs_wfc_f435w_j9cv11/hst_10592_11_acs_wfc_f435w_j9cv11_point-cat.ecsv
# %ECSV 1.0
# ---
# datatype:
# - {name: X-Center, unit: pix, datatype: float64, format: 10.3f, description: Pixel Coordinate}
# - {name: Y-Center, unit: pix, datatype: float64, format: 10.3f, description: Pixel Coordinate}
# - {name: RA, unit: deg, datatype: float64, format: 13.7f, description: Sky coordinate at epoch of observation}
# - {name: DEC, unit: deg, datatype: float64, format: 13.7f, description: Sky coordinate at epoch of observation}
# - {name: ID, unit: '', datatype: int64, format: 7d, description: Catalog Object Identification Number}
# - {name: MagAp1, unit: mag(AB), datatype: float64, format: 7.3f, description: ABMAG of source based on the inner (smaller) aperture}
# - {name: MagErrAp1, unit: mag(AB), datatype: float64, format: 7.3f, description: Error of MagAp1}
# - {name: MagAp2, unit: mag(AB), datatype: float64, format: 7.3f, description: ABMAG of source based on the outer (larger) aperture}
# - {name: MagErrAp2, unit: mag(AB), datatype: float64, format: 7.3f, description: Error of MagAp2}
# - {name: MSkyAp2, unit: electron / (pix s), datatype: float64, format: 7.3f, description: Sky estimate from an annulus outside Aperture
#     2}
# - {name: StdevAp2, unit: electron / (pix s), datatype: float64, format: 7.3f, description: Standard deviation of sky estimate from annulus
#     outside Aperture 2}
# - {name: FluxAp2, unit: electron / s, datatype: float64, format: 10.4f, description: Flux of source based on the outer (larger) aperture}
# - {name: CI, unit: mag(AB), datatype: float64, format: 7.3f, description: Concentration Index}
# - {name: Flags, unit: '', datatype: int64, format: 5d, description: Numeric encoding for conditions on detected sources}
# meta: !!omap
# - h00: [' #==================================================================================================']
# - h01: [' # All refereed publications based on data obtained from the HAP must carry the following footnote: ']
# - h02: [' #                                                                                                  ']
# - h03: [' #     Based on observations made with the NASA/ESA Hubble Space Telescope                          ']
# - h04: [' #     and obtained from the Hubble Advanced Products collection generated                          ']
# - h05: [' #     by the Space Telescope Science Institute (STScI/NASA).                                       ']
# - h06: [' #                                                                                                  ']
# - h07: [' # One copy of each paper resulting from data obtained from the HAP should be sent to the STScI.    ']
# - h08: [' #==================================================================================================']
# - {WCSNAME: IDC_4bb1536oj-FIT_SVM_GAIAeDR3}
# - {WCSTYPE: undistorted a posteriori solution aligned by visit to GAIAEDR3}
# - {Proposal ID: 10592}
# - {Image File Name: HST_10592_11_ACS_WFC_F435W_J9CV11_DRC.FITS}
# - {Target Name: UGC02369}
# - {Date Observed: '2006-07-22'}
# - {Time Observed: '15:35:18'}
# - {Instrument: ACS}
# - {Detector: WFC}
# - {Target RA: 43.5075}
# - {Target DEC: 14.97361111111}
# - {Orientation: 0.0}
# - {Aperture RA: 43.5075}
# - {Aperture DEC: 14.97361111111}
# - {Aperture PA: 72.774948}
# - {Aper1 (arcsec): 0.05}
# - {Aper2 (arcsec): 0.15}
[...]
# - h10.4: ['the selected aperture. For details, see Whitmore et al., 2016 AJ, 151, 134W.']
# - h10.5: [' ']
# - h11: ['The X and Y coordinates in this table are 0-indexed (i.e. the origin is (0,0)).']
# - h12: [RA and Dec values in this table are in sky coordinates (i.e. coordinates at the epoch of observation]
# - h12.1: [and an undistorted a posteriori solution aligned by visit to GAIAEDR3).]
# - h13: [Magnitude values in this table are in the ABMAG system.]
# - h14: ['Column titles in this table ending with Ap1 refer to the inner photometric aperture ']
# - h14.1: ['(radius = 1.000000000000064 pixels, 0.05 arcsec.']
# - h15: ['Column titles in this table ending with Ap2 refer to the outer photometric aperture ']
# - h15.1: ['(radius = 3.000000000000192 pixels, 0.15 arcsec.']
# - h16: [CI = Concentration Index (CI) = MagAp1 - MagAp2.]
# - h17: ['Flag Value Identification:']
# - h17.1: ['    0 - Stellar Source (0.9 < CI < 1.23)']
# - h17.2: ['    1 - Extended Source (CI > 1.23)']
# - h17.3: ['    2 - Questionable Photometry (Single-Pixel Saturation)']
# - h17.4: ['    4 - Questionable Photometry (Multi-Pixel Saturation)']
# - h17.5: ['    8 - Faint Detection Limit']
# - h17.6: ['   16 - Hot pixels (CI < 0.9)']
# - h17.7: ['   32 - False Detection Swarm Around Saturated Source']
# - h17.8: ['   64 - False Detections Near Image Edge']
# - h17.9: ['  128 - Bleeding and Cosmic Rays']
# - h18: ['#=================================================================================================']
# schema: astropy-2.0
X-Center Y-Center RA DEC ID MagAp1 MagErrAp1 MagAp2 MagErrAp2 MSkyAp2 StdevAp2 FluxAp2 CI Flags
[from data line 351]
3196.5118900280145 2802.2798975732503 43.50442697979517 14.977139475710723 352 30.24124246328129 3.284900236525408 -9999.0 -0.7402233886344679 0.18405390540961508 0.024668256981062394 -0.2015987148797702 -9999.0 0
2917.2751403000893 2805.553062795335 43.50844164961688 14.977185024483587 353 30.442243958114524 2.3438854732541348 29.47601497155629 3.0064394257734692 0.14689401297245996 0.014602396447831041 0.029423747588001703 0.9662289865582352 8
2941.149023830086 2805.639564112451 43.508098407542555 14.977186221100132 354 -9999.0 -26.4626206473954 27.779716997501332 0.9536124309858821 0.1725615887223063 0.02212668964639717 0.1403515379513678 -9999.0 8
2996.2730471946584 2806.0804451720455 43.50730587263786 14.977192331425655 355 29.59156054270354 2.487944883422462 27.118878578672977 0.7968762465939302 0.23719694354646914 0.034004288806496676 0.25796010406274394 2.4726819640305635 9
3013.2881356934927 2807.117515105105 43.50706124125186 14.977206730602248 356 -9999.0 -2.5133984784034973 27.210889590513574 0.5773726095946303 0.23082295570333128 0.022619723234530896 0.23699988688260465 -9999.0 0
2913.3872325365974 2809.555032855487 43.508497546472405 14.977240608132492 357 28.732367812854136 0.44487192954506755 27.096909669597494 0.3081456528115472 0.13712434175681742 0.01337955528479939 0.26323286286518943 1.635458143256642 1
2917.280666432572 2812.094735126507 43.508441568880095 14.977275881042456 358 -9999.0 -12.243353319364289 27.7740581269247 0.5805283372719695 0.13517315787463463 0.013510568403390823 0.1410849615555514 -9999.0 0
3116.244656192779 2811.693166324253 43.50558100227815 14.977270248083363 359 29.199308126007637 1.0936363700502703 26.87614675809892 0.4019821394088488 0.16962738153902263 0.021436287331391055 0.3225858189825308 2.3231613679087175 1
2946.7026789997226 2812.634117608254 43.508018559392674 14.97728336648815 360 -9999.0 -1.2073423872959805 -9999.0 -0.9217585960054268 0.1677545973810099 0.020049005539838568 -0.13161688313963538 -9999.0 0
3118.1259207976573 2817.8524912357066 43.505553952392496 14.977355793566105 361 30.375653208345284 2.726783688871907 28.655559005313457 1.7463808609187377 0.1531011413544517 0.01807937920284884 0.06264412865294045 1.7200942030318274 9
2943.279429078992 2821.6645612643147 43.50806777452236 14.97740879005188 362 31.698766556193128 7.977514524308709 28.006768695485718 0.8311649709741031 0.13595728384236155 0.015627511502966547 0.11386663767922345 3.69199786070741 9
4835.959341963151 2820.3683741224663 43.480856119054565 14.977388770418248 363 29.01308621344549 0.41254279864004784 28.792056051579095 1.0505994765119469 0.056166348483426 0.009552764341009466 0.0552435468637269 0.2210301618663948 8
3103.962949064338 2820.372232567846 43.50575757695448 14.977390795134845 364 -9999.0 -1.5331011947532174 -9999.0 -0.8173826157112657 0.15182588854492113 0.012248081395558013 -0.09082766075571502 -9999.0 0
2950.3525383181614 2822.036721012143 43.507966082097404 14.977413957405771 365 31.375446522519688 6.726569001889926 28.465248054669246 1.4394034810572407 0.1431565042210105 0.01775782206097959 0.0746456927839505 2.9101984678504422 9
3128.971719259258 2820.6400792349286 43.50539801784137 14.977394505991008 366 29.296950931400765 1.0023380724838202 27.802058293052838 0.7898174916999111 0.1455027936588998 0.017948358566056054 0.13749302204865455 1.4948926383479275 9
3134.4997770414643 2820.8391245734956 43.50531853912358 14.977397268391886 367 34.90018158633274 178.65247526871764 27.727248231135817 0.7543782601017549 0.14841060579433374 0.018353610344583122 0.14730065651221036 7.172933355196925 9
2991.998173559406 2825.0461466575457 43.50736732874387 14.977455745053048 368 29.74763665986204 1.6267953716233183 27.46687201107862 0.6218303104788743 0.159043672832392 0.019237264109383225 0.18722126292264019 2.2807646487834177 1
3053.5173688692967 2822.892292518047 43.506482848219314 14.977425812884052 369 -9999.0 -1.3259458933089827 -9999.0 -9.972293595459472 0.17225968196230418 0.018748982805101306 -0.011378845003807925 -9999.0 0
3021.062846301145 2824.8104366991893 43.50694945668162 14.977452463447209 370 29.409222131791424 1.3217885603272195 -9999.0 -3.32079644156179 0.17289951634970874 0.02135349283338524 -0.03889850404936457 -9999.0 0
3086.246277231314 2825.0456790554426 43.50601229350048 14.977455710315802 371 31.82040647577135 6.940670811379218 -9999.0 -3.326995635380862 0.15646014751631243 0.012136772919868102 -0.02212954073167417 -9999.0 0
3102.9435807165605 2824.0026671197897 43.505772231393955 14.977441218201173 372 30.303185212456775 1.7636997741714058 -9999.0 -0.9023855187716282 0.14890212916721735 0.012477235115460516 -0.08383740359775071 -9999.0 0
3129.985266480086 2825.8858578313225 43.505383443680465 14.977467363640338 373 29.37717235012095 0.882888640705137 27.548043324603796 0.5115202011664529 0.13855889575966335 0.014670088388275989 0.1737347305716468 1.8291290255171546 1
3027.3841241909804 2827.9380025076234 43.50685857270555 14.977495900051576 374 30.488816281251502 3.021502218030812 -9999.0 -439.67189015199403 0.1632909862878355 0.018050135479838688 -0.0002484582131137003 -9999.0 0
3062.6586878994767 2825.1098522703132 43.50635141982292 14.97745660942941 375 32.081051981696454 11.583684833750773 -9999.0 -6.8923871971561885 0.1632138663510076 0.01595833483070599 -0.014022929160268482 -9999.0 0
3099.1806954804297 2826.3423027939157 43.50582633074258 14.977473714478403 376 30.738807665841236 2.4794168330138664 30.01319810326479 3.9688584726011875 0.14668425958035358 0.011737984788746837 0.017940094799574702 0.7256095625764445 8
3049.0413752359077 2827.7778217460004 43.50654719944726 14.977493668846613 377 28.844384796406082 0.6361296110795122 27.073628770349785 0.38893399088654296 0.15372292116536934 0.017278273747525864 0.2689381832613611 1.7707560260562971 1
3103.9967019370565 2827.4354042046166 43.50575708906086 14.977488894728193 378 30.254449823640236 1.5776174634892788 29.28955854408415 2.0266263803718627 0.14404395651327423 0.011666594552760774 0.034936593545277894 0.9648912795560847 8
3093.03694839329 2829.943762135626 43.50591466007597 14.97752373690314 379 30.625516249744322 2.5114595568730853 -9999.0 -2.9950348699664797 0.1470473458537379 0.013208748565517433 -0.026727228063802677 -9999.0 0
2977.177464684021 2832.222683325524 43.507580409022395 14.977555422886295 380 29.78949129611135 1.4621776463507516 27.96292821126469 0.8489664086861854 0.13787228706910554 0.016628889035106644 0.11855849848264333 1.8265630848466614 9
3020.924365075052 2832.5721540494815 43.506951445394954 14.977560265115809 381 30.342125236047977 2.5317345130129465 28.704932971695676 1.7507768355439763 0.15068423362816274 0.017308994472046087 0.05985918317417127 1.6371922643523007 9
2976.071694300343 2835.3660687505344 43.50759630625544 14.977599081286145 382 29.08807036707676 0.6816423276809079 27.054285894855667 0.3269528200739951 0.12965625294502947 0.014783052556308322 0.2737723708791502 2.033784472221093 1
3003.5956509321277 2834.0559528349495 43.50720058559213 14.977580878205737 383 31.113414096808256 5.229095758123223 -9999.0 -0.43447390179332085 0.14964450632228332 0.01757067939986561 -0.2448457807053499 -9999.0 0
3029.008757321965 2833.8639498856055 43.50683521304695 14.977578204405019 384 -9999.0 -2.073143425774737 -9999.0 -1.7958288612698992 0.14954022242098436 0.01729031177191657 -0.05829472036175165 -9999.0 0
3016.6576561953293 2837.571892111658 43.507012787822276 14.977629707122352 385 30.07698057598249 1.8684174397270903 29.5757213982806 3.677860304601266 0.14114005333286223 0.01630387369668938 0.026842033597342052 0.5012591777018898 8
3025.6991452592188 2837.803724718994 43.50688279525668 14.977632924456344 386 -9999.0 -1.6731413887981397 -9999.0 -0.9001507468109298 0.14332684172122967 0.015749123152830623 -0.10592381425833475 -9999.0 0
3033.306259184521 2838.653288713715 43.5067734249882 14.977644721742518 387 29.42645664313403 1.007221954630326 27.627105722603552 0.5998790382968313 0.13553534787731109 0.015999596853019386 0.16153315882032482 1.799350920530479 1
3021.337240401416 2842.2805462369047 43.50694550650078 14.977695103778489 388 29.711811336176496 1.2572865649955045 27.857040465031425 0.7114460028259001 0.1291162221613577 0.01535334450601639 0.13070367201845512 1.854770871145071 1
3008.466929234918 2842.8482998258423 43.507130547143355 14.977702992821031 389 29.212159505383802 0.7276504270198673 27.720831252842757 0.5755048007749045 0.12456696470375772 0.01407180226787767 0.14817381878060765 1.4913282525410452 1
2767.2968300116036 2849.123929928781 43.51059793074666 14.977790193767984 390 28.42929532276124 0.27096375951695556 27.03477817322201 0.234227862321384 0.06889148743475898 0.010755411673342243 0.27873577038107467 1.394517149539233 1
1766.7715436839385 2882.717443586346 43.52498285572936 14.978256374358578 391 29.79720074540817 0.6291241904024671 28.13092660915325 0.42309697555000025 0.049277754230832416 0.007039698752222027 0.10156248798245593 1.6662741362549198 1
3044.3466521775385 2914.2243117575013 43.50661466976659 14.978694315972705 392 32.64510449786799 11.268818004828592 -9999.0 -2.5447691814301567 0.07528452486509368 0.009193893837479747 -0.021969681103668037 -9999.0 0
2867.3888015392336 2938.2159836004407 43.50915886071394 14.979027573397302 393 -9999.0 -1.1320716488473743 -9999.0 -0.7565604855282485 0.06911726380439148 0.01046625626362893 -0.08404611872512024 -9999.0 0
663.0589745236456 2947.395294232165 43.540851466001676 14.97915319490629 394 -9999.0 -5.509161897463986 29.259369435070376 1.4383381014712011 0.050956533912379864 0.00848900820366435 0.03592164370312556 -9999.0 8
2946.2386821058926 2963.7225076312684 43.50802519664093 14.979381816439696 395 26.973280980863116 0.11718775425511767 25.8409981123422 0.1289880239047393 0.12056342743941256 0.017837588013892226 0.8369600526338385 1.1322828685209174 0
2950.195746934579 2966.543196232934 43.50796830349674 14.979420991808073 396 28.02056358750025 0.28053623696681035 26.21797615618896 0.1667407952081779 0.11997430706688753 0.016266908282543915 0.5914438394051538 1.802587431311288 1
4902.052664807806 2991.1782334992354 43.479905525068126 14.979761000468983 397 30.3063902796071 1.6274841893093173 27.74750300236967 0.4823243921860079 0.0570003611708451 0.011469169887624324 0.14457818685355117 2.5588872772374316 1
4879.863368003064 2992.9189386851253 43.48022454752782 14.979785220593167 398 -9999.0 -0.6306447446614316 -9999.0 -0.20391934139731072 0.05645002265788182 0.009890153169645935 -0.29473149009758615 -9999.0 0
2896.5717669439073 2999.6364445280365 43.50873927388257 14.9798806307339 399 -9999.0 -0.8249428527287058 -9999.0 -2.2131864829741397 0.05934784687250047 0.010139474910441598 -0.027821320989039 -9999.0 0
2896.662483390473 3037.3772927493314 43.50873796291479 14.980404809161426 400 29.13305104290567 0.48322746784425524 27.895930609577064 0.4830402208715326 0.05898488490293695 0.010023701711159717 0.126104832930789 1.2371204333286059 0
2882.9468610300214 3041.430945494096 43.508935158869505 14.980461112159396 401 24.318198282849806 0.005683419734799758 23.32547599407536 0.007115370811883297 0.058591367115509024 0.009940014705696627 8.490115086559321 0.9927222887744449 0
3914.776168902981 3100.6204632987683 43.49409994325788 14.981282545081575 402 25.135574825353785 0.009090772866582624 24.097195008714657 0.010908887898328513 0.05839962632178444 0.007456781565506472 4.170863447549678 1.0383798166391287 0
1116.992613670502 3104.491765763178 43.5343252986646 14.98133583289078 403 24.569677945294202 0.0052933229419516725 24.042091366063943 0.01016612557699315 0.05172345260914682 0.007309224774390107 4.388008180032951 0.5275865792302596 16
4933.621284652704 3127.3412766633414 43.47945136541129 14.981652090644154 404 22.560084788329092 0.0012480117310517125 21.97043369759683 0.00226501195321271 0.058404442127028555 0.011033126194756205 29.57539106716151 0.5896510907322607 16
4939.870797426704 3138.83364155416 43.47936148849677 14.981811694238015 405 23.822192998456252 0.0042181848820847 23.22632317905004 0.007612130031707006 0.055231643521724494 0.011667315969026325 9.301965047751073 0.5958698194062109 16
702.3931311342235 3148.482653468689 43.54028631754943 14.981946146222521 406 -9999.0 -0.7603924921102003 31.39840385347477 11.270989599270155 0.051087702136664165 0.009285019800535895 0.005008900832965901 -9999.0 8
4385.7314916342575 3173.837006362393 43.487328632620304 14.982298828786197 407 21.548098187822994 0.0006388872274408113 20.57795144215858 0.0008190389417861467 0.07270118326712877 0.014366451116396001 106.64080089663575 0.9701467456644153 0
711.4426908469147 3206.3903865266157 43.540156314129085 14.982750436482508 408 22.983844916230154 0.001776070459486502 22.360867044402042 0.003123832762569797 0.05164288072172643 0.01062478401434516 20.64225587703379 0.6229778718281125 16
1836.2495143371711 3261.5204382647544 43.523984252248006 14.983517583513471 409 28.75704413052913 0.2368325105367607 27.89251255929448 0.3335075170894165 0.05571716036392402 0.006903887189827676 0.12650245423714446 0.8645315712346502 0
3452.3568813271886 3275.0125415425837 43.50074829097023 14.983705064289058 410 22.400375194252774 0.0009514573212199379 21.312839947225214 0.0010935008235594607 0.06459562093233123 0.009729337887975975 54.19609508316903 1.08753524702756 0
2713.68114519158 3331.7334519452475 43.511368778602446 14.984493105362072 411 31.886438012357814 5.277825985391933 29.576997920525855 1.9636807207683915 0.05461588245187257 0.008653543068078575 0.026810493414719527 2.3094400918319593 9
822.3528792733518 3435.3722497016997 43.53856208589128 14.985930933525177 412 30.621629950002735 1.727609395015094 29.418932977593016 1.781940452310709 0.054304267425520886 0.009086342938048678 0.031012072021745496 1.2026969724097185 8
789.0179327076776 3471.3999487806404 43.53904143638555 14.986431261055296 413 25.10565426967399 0.01069494008244604 24.459279342993604 0.018433808540644962 0.051850831110056464 0.00904529015091369 2.988080117306266 0.6463749266803873 16
2934.4136791248748 3482.422972936106 43.508195099782235 14.986585991907173 414 -9999.0 -32.5838141675086 28.722249328269392 1.06279029179256 0.05477972372711913 0.010312001924856345 0.05891206467790533 -9999.0 8
1548.2300215226742 3492.886398388672 43.528125567745 14.98673073618379 415 25.927934406690774 0.016676599487372545 24.77295713837848 0.01796333382679493 0.054322857674905814 0.006575343297294326 2.238314559082963 1.1549772683122939 0
826.010232044616 3529.725279873424 43.53850966630125 14.9872413982842 416 32.292166219144754 6.732017294489749 -9999.0 -1.3044773963931988 0.05458729456932772 0.007578991435821791 -0.03543035946683104 -9999.0 0
874.4592280003566 3553.3389856612534 43.53781310818161 14.987569447426484 417 32.6309079431086 9.296199450090539 -9999.0 -1.4264859681395152 0.05528516766347297 0.007662117976456256 -0.032758782224741045 -9999.0 0
5044.08072034369 3562.4600858416256 43.47786227572216 14.98769517908093 418 23.158967561364065 0.0026422738999374766 22.59410301749503 0.004907413257970316 0.056008619413138255 0.013475596056971096 16.651860652627022 0.5648645438690352 16
1882.6553078074921 3568.3610467405488 43.52331727805556 14.987779293813553 419 25.089710910356644 0.03978376276724162 23.41305180337524 0.02674083572773289 0.08478420279675819 0.034328718107539534 7.8321907063978085 1.676659106981404 1
3000.9498562931203 3598.9298517736165 43.5072384150302 14.9882041272575 420 29.628663888457623 0.6669218667442162 27.290535478083896 0.24173109344703636 0.054000027895886066 0.008749388552276607 0.22023674699927454 2.338128410373727 1
