UGC2369/hst/hst_10592_11_acs_wfc_f435w_j9cv11/hst_10592_11_acs_wfc_f435w_j9cv11_segment-cat.ecsv
# %ECSV 1.0
# ---
# datatype:
# - {name: X-Centroid, unit: pix, datatype: float64, format: 10.3f, description: Pixel Coordinate}
# - {name: Y-Centroid, unit: pix, datatype: float64, format: 10.3f, description: Pixel Coordinate}
# - {name: RA, unit: deg, datatype: float64, format: 13.7f, description: Sky coordinate at epoch of observation}
# - {name: DEC, unit: deg, datatype: float64, format: 13.7f, description: Sky coordinate at epoch of observation}
# - {name: ID, unit: '', datatype: int64, format: 7d, description: Catalog Object Identification Number}
# - {name: CI, unit: mag(AB), datatype: float64, format: 7.3f, description: Concentration Index}
# - {name: Flags, unit: '', datatype: int64, format: 5d, description: Numeric encoding for conditions on detected sources}
# - {name: MagAp1, unit: mag(AB), datatype: float64, format: 7.3f, description: ABMAG of source based on the inner (smaller) aperture}
# - {name: MagErrAp1, unit: mag(AB), datatype: float64, format: 7.3f, description: Error of MagAp1}
# - {name: FluxAp1, unit: electron / s, datatype: float64, format: 10.4f, description: Flux of source based on the inner (smaller) aperture}
# - {name: FluxErrAp1, unit: electron / s, datatype: float64, format: 10.4f, description: Error of FluxAp1}
# - {name: MagAp2, unit: mag(AB), datatype: float64, format: 7.3f, description: ABMAG of source based on the outer (larger) aperture}
# - {name: MagErrAp2, unit: mag(AB), datatype: float64, format: 7.3f, description: Error of MagAp2}
# - {name: FluxAp2, unit: electron / s, datatype: float64, format: 10.4f, description: Flux of source based on the outer (larger) aperture}
# - {name: FluxErrAp2, unit: electron / s, datatype: float64, format: 10.4f, description: Error of FluxAp2}
# - {name: MSkyAp2, unit: electron / (pix s), datatype: float64, format: 7.3f, description: Sky estimate from an annulus outside Aperture
#     2}
# - {name: Bck, unit: electron / s, datatype: float32, format: 10.4f, description: Background at the position of the source centroid}
# - {name: Area, unit: pix2, datatype: float64, format: 8.3f, description: Total unmasked area of the source segment}
# - {name: FWHM, unit: pix, datatype: float64, format: 8.3f, description: Circularized FWHM of 2D Gaussian function having the same second-order
#     central moments as the source}
# - {name: MagSegment, unit: mag(AB), datatype: float64, format: 7.3f, description: Magnitude corresponding to FluxSegment}
# - {name: FluxSegment, unit: electron / s, datatype: float64, format: 10.4f, description: Sum of unmasked data values in the source segment}
# - {name: FluxSegmentErr, unit: electron / s, datatype: float32, format: 10.4f, description: 'Uncertainty of FluxSegment, propagated
#     from the input error array'}
# - {name: KronRadius, unit: pix, datatype: float64, format: 8.4f, description: The unscaled first-moment Kron radius}
# - {name: Xmin, unit: pix, datatype: int64, format: 8.0f, description: Minimum X pixel within the minimal bounding box containing the
#     source segment}
# - {name: Ymin, unit: pix, datatype: int64, format: 8.0f, description: Minimum Y pixel within the minimal bounding box containing the
#     source segment}
# - {name: Xmax, unit: pix, datatype: int64, format: 8.0f, description: Maximum X pixel within the minimal bounding box containing the
[...]
# - h12: [RA and Dec values in this table are in sky coordinates (i.e. coordinates at the epoch of observation]
# - h12.1: [and an undistorted a posteriori solution aligned by visit to GAIAEDR3).]
# - h13: [Magnitude values in this table are in the ABMAG system.]
# - h14: ['Column titles in this table ending with Ap1 refer to the inner photometric aperture ']
# - h14.1: ['(radius = 1.000000000000064 pixels, 0.05 arcsec.']
# - h15: ['Column titles in this table ending with Ap2 refer to the outer photometric aperture ']
# - h15.1: ['(radius = 3.000000000000192 pixels, 0.15 arcsec.']
# - h16: [CI = Concentration Index (CI) = MagAp1 - MagAp2.]
# - h17: ['Flag Value Identification:']
# - h17.1: ['    0 - Stellar Source (0.9 < CI < 1.23)']
# - h17.2: ['    1 - Extended Source (CI > 1.23)']
# - h17.3: ['    2 - Questionable Photometry (Single-Pixel Saturation)']
# - h17.4: ['    4 - Questionable Photometry (Multi-Pixel Saturation)']
# - h17.5: ['    8 - Faint Detection Limit']
# - h17.6: ['   16 - Hot pixels (CI < 0.9)']
# - h17.7: ['   32 - False Detection Swarm Around Saturated Source']
# - h17.8: ['   64 - False Detections Near Image Edge']
# - h17.9: ['  128 - Bleeding and Cosmic Rays']
# - h18: ['#=================================================================================================']
# schema: astropy-2.0
X-Centroid Y-Centroid RA DEC ID CI Flags MagAp1 MagErrAp1 FluxAp1 FluxErrAp1 MagAp2 MagErrAp2 FluxAp2 FluxErrAp2 MSkyAp2 Bck Area FWHM MagSegment FluxSegment FluxSegmentErr KronRadius Xmin Ymin Xmax Ymax X2 Y2 XY CXX CYY CXY Elongation Ellipticity Theta
[from data line 378]
1280.9739249594907 5109.6276613505715 43.53196240686236 15.009187134216582 379 -9999.0 0 -9999.0 -1.2100411148369747 -0.014196671344057443 0.015822562420684718 -9999.0 -0.7318012548038231 -0.07326287604906256 0.04938184086141746 0.052883114990772015 0.049531177 25.0 2.8796705240926754 29.87168984577461 0.020437512546777725 0.39256743 3.5 1279 5107 1283 5112 1.4102340990168727 1.580653897032267 0.02846191349036376 0.7093599180375829 0.6328795612819675 -0.025546061232789997 1.0619922994452997 0.058373586585966364 80.7647936808437
1250.5674303638725 5110.5629513090735 43.53239963678382 15.009200084850466 380 0.37912081022615496 16 23.231917624833613 0.002212361181510966 9.254158317174571 0.01885745659802327 22.85279681460746 0.004870441166612841 13.121553306067222 0.05886317895530498 0.05185561708405914 0.049531177 32.0 3.0673201207386454 22.845028511667827 13.215772995725274 3.6543736 3.5 1248 5108 1253 5113 1.7104054551734789 1.6829765663359024 -0.056879248914590716 0.58531453407568 0.5948538988008425 0.0395635349213454 1.0350999794291242 0.033909747972831084 -38.22193623580629
1240.9182387522098 5145.612401552074 43.53253843470168 15.009686869854926 381 0.7556269822927959 16 24.64591737379792 0.010456348637168189 2.5161528820566574 0.024233003370360075 23.890290391505125 0.016297696119959734 5.046471423494689 0.07575376046622184 0.05152017219612996 0.049531177 17.0 2.5076175315449354 23.895599315425372 5.021855924278498 2.251664 3.5 1239 5144 1243 5147 1.3210944823462385 0.9468746665117859 -0.1119009340847681 0.7646019195929926 1.0667846684364448 0.18072015659824955 1.2149237642478137 0.17690308690346324 -15.440750404246376
1259.143413771263 5203.0364908298025 43.532276443522356 15.010484450237486 382 1.86589442599292 1 23.737314771986767 0.0041041260612943884 5.810025869757695 0.02196286136950092 21.871420345993847 0.002301207300543094 32.399315616796294 0.0686723235055462 0.053271314259488264 0.049531177 86.0 5.137493034614772 21.662776936680196 39.26387878134847 6.2987123 3.5 1256 5198 1263 5209 2.6382568710544487 6.881306729923324 -0.5785019209207883 0.38615659257462265 0.14805041013980838 0.06492729923205584 1.6484603870230867 0.3933733513573383 -82.3736445710193
1315.2572094162151 5202.943901765611 43.53146955302148 15.010483236093432 383 3.010780998230203 9 31.44710923831211 3.6654233664654017 0.004789170289418887 0.01616868074497362 28.436328240081906 0.7149544599701283 0.07666068205810084 0.05048254263773711 0.050839530045198186 0.049531177 23.0 3.082390246139422 28.278708649897503 0.08863811567425728 0.4427858 3.5 1313 5201 1318 5205 2.0947171171308767 1.3320910326981925 -0.5769003205739696 0.5420424825740899 0.8523634185572291 0.4694941626148626 1.5340971742399416 0.3481508102669941 -28.26827271539925
1248.547857540374 5206.0070232734815 43.53242880674459 15.01052569373486 384 0.43328540551190997 16 24.45102591170398 0.008341592618039892 3.0108811328049567 0.023133042121397634 24.01774050619207 0.017532798423510656 4.48753421083976 0.0724684836854209 0.055237358006147236 0.049531177 16.0 2.422804119502943 24.02483126220166 4.458322390913963 2.1226897 3.5 1247 5204 1250 5208 0.8931284600333156 1.2240192273952342 0.014937304236285363 1.1198883319533464 0.817147409894245 -0.027333088158511088 1.171440354592241 0.14635005010726 87.42050724101041
1248.768918455967 5214.258484942534 43.532425639194386 15.01064029760846 385 0.4206409916353664 16 24.333387843142397 0.0071725771077671314 3.3554350571829037 0.02216737282651689 23.91274685150703 0.0152319619900618 4.943166446961763 0.06935076303828905 0.051108259430274056 0.049531177 17.0 2.467723117147653 23.925052253675595 4.887458395212889 2.2216194 3.5 1247 5212 1251 5216 1.1004748535478863 1.0959047732095644 0.026717815353147188 0.9092368155028485 0.913028463641435 -0.044333817942488855 1.024723304345251 0.0241268098816666 42.555837999465126
1280.1543452708286 5240.613798116895 43.53197436598691 15.01100638427192 386 1.0376366391170535 0 24.272904471954263 0.006439402370205292 3.547661591544039 0.021041558866422547 23.23526783283721 0.007735074049602253 9.22564718210571 0.06572816073417337 0.05413070404997458 0.049531177 29.0 3.2222810979559333 23.19844891733075 9.543867647647858 3.1037724 3.5 1278 5238 1282 5244 1.3687219468982152 2.376188140543934 0.045690888398103806 0.7310778557426467 0.4211124064516165 -0.028115279381384237 1.3191677294602362 0.2419462835031828 87.40859703304176
1308.079303351503 5253.013231717893 43.53157283320013 15.011178634114797 387 3.783410971188559 9 32.44208706852986 9.45242992549418 0.0019154426242261602 0.01667641814663577 28.6586760973413 0.9049064229044756 0.062464538546442405 0.05206278173937545 0.05237288069533738 0.049531177 21.0 2.705373716890632 28.03360542767048 0.1110866330564022 0.47207716 3.5 1306 5251 1310 5255 1.319372303347152 1.3204158806465005 -0.014137621977093588 0.7580231447955901 0.7574240488911224 0.01623222626762208 1.0107765354237799 0.010661639883895457 -46.056851137518784
1261.9608988172808 5257.446477201595 43.53223600260233 15.01124014782429 388 0.5627117107888111 16 23.59723879969527 0.003662601436241006 6.6101064740133575 0.022299148443794135 23.034527088906458 0.006819336989812259 11.099237369641244 0.06971487515289772 0.05515415095545689 0.049531177 34.0 3.270115045898679 23.001736015573726 11.439566537737846 3.39777 3.5 1259 5255 1265 5260 2.0463622248608164 1.8105576015944627 -0.1867786240483622 0.4933170372851797 0.5575659946370268 0.10178198955128154 1.1219193487174186 0.10867033254823266 -28.869101230723395
1286.113766175097 5261.650679510372 43.53188869989848 15.011298570695791 389 1.6072734435443081 1 24.94626680635426 0.011690053939150605 1.9080829568011537 0.020544895169364887 23.33899336280995 0.008312783676332553 8.385068789155321 0.06420121852760054 0.05854599586334722 0.049531177 33.0 3.5895241247746617 23.26158638748187 9.004703555256128 3.0163124 3.5 1284 5259 1289 5265 1.8747564101557668 2.7724108162659955 -0.6995648073128355 0.5888467871715557 0.3981892879556513 0.2971684331828324 1.4539090728386028 0.3121990785519988 -61.341721512955665
1278.3019571669854 5268.087308112076 43.53200103908179 15.011387958240634 390 0.31733219845949634 16 23.374835546983007 0.003053185174584603 8.11278106612479 0.022814610735693908 23.05750334852351 0.00713122899270317 10.866824056921436 0.07137681751250108 0.05564927480163727 0.049531177 29.0 2.966032407699587 23.039199764621486 11.051572296768427 3.3484163 3.5 1276 5266 1281 5271 1.7137986947471437 1.4591739762292595 -0.040858842918256616 0.5838888966327865 0.685777052790173 0.032699356071143215 1.0881509196350423 0.0810098287327713 -8.896596489373543
650.7398938274591 1549.0439679036795 43.5410180061183 14.959733604533389 391 2.399071195428739 1 27.60214858194712 0.3793451838976961 0.16528922453506645 0.057752299233271034 25.20307738651838 0.1300251481294617 1.5061666265316407 0.18038089594034096 0.11346969783708855 0.049531177 1437.0 28.58794969990312 20.728970132083383 92.79315093159676 9.841843 3.637335784991392 635 1515 670 1580 56.29848452526329 238.46967257232987 -44.75649060800399 0.02087748396415698 0.004928805810835439 0.007836660359208852 2.3286163567176414 0.5705604329733496 -76.9160016136837
640.4728516430807 1581.7985535831624 43.541165669455616 14.960188510222032 392 2.514409551238913 1 29.341178844350466 0.6631713019551172 0.03331443384876226 0.020349246080299616 26.826769293111553 0.2043680376025589 0.33759519578711883 0.06354763532012998 0.09386025407051629 0.049531177 116.0 7.9293615891647775 23.64472967974615 6.327207874506712 2.5809162 3.8872146290137852 634 1576 648 1588 15.748846078921707 6.928435519818121 4.065362552513401 0.07483106424502964 0.17009654045936912 -0.08781647905253333 1.8017335931838137 0.4449789892450656 21.335054975657197
2931.3085967011857 2933.278967125563 43.508231960181135 14.97896096492858 393 -9999.0 0 -9999.0 -0.9273275977019617 -0.017794228940292783 0.01519856274860498 -9999.0 -1.371627396683382 -0.037568601880249464 0.047462580449517344 0.07360703007353045 0.049531177 23.0 3.2282787302832463 26.346459152999493 0.5254365913569927 0.76847816 3.9152049361231627 2929 2931 2934 2936 2.054461688305081 1.7044021766464343 -0.5423580613574766 0.531384116712384 0.6405227149542038 0.3381836321558144 1.3676222226670405 0.26880392594829994 -36.057037702062395
2948.201213148965 2964.983333504085 43.50798908071021 14.979401299772645 394 2.815463177967132 1 28.61033405541464 0.4621474571212401 0.0653085968029582 0.02779976231062308 25.794870877447508 0.10800452342221106 0.8732842427268421 0.08687358243330484 0.11990195282341279 0.049531177 2115.0 30.05632893960264 20.616170605643163 102.95222397148609 10.437463 3.6214632629031214 2920 2936 2978 2992 171.41618109292514 154.4103297340449 65.22526319725202 0.006951007281328124 0.007716550602324592 -0.005872421620905056 1.53438257854085 0.34827205809976747 41.28633330030894
