UGC2369/hst/hst_10592_11_acs_wfc_f435w_j9cv11/hst_10592_11_acs_wfc_f435w_j9cv11_segment-cat.ecsv
# %ECSV 1.0
# ---
# datatype:
# - {name: X-Centroid, unit: pix, datatype: float64, format: 10.3f, description: Pixel Coordinate}
# - {name: Y-Centroid, unit: pix, datatype: float64, format: 10.3f, description: Pixel Coordinate}
# - {name: RA, unit: deg, datatype: float64, format: 13.7f, description: Sky coordinate at epoch of observation}
# - {name: DEC, unit: deg, datatype: float64, format: 13.7f, description: Sky coordinate at epoch of observation}
# - {name: ID, unit: '', datatype: int64, format: 7d, description: Catalog Object Identification Number}
# - {name: CI, unit: mag(AB), datatype: float64, format: 7.3f, description: Concentration Index}
# - {name: Flags, unit: '', datatype: int64, format: 5d, description: Numeric encoding for conditions on detected sources}
# - {name: MagAp1, unit: mag(AB), datatype: float64, format: 7.3f, description: ABMAG of source based on the inner (smaller) aperture}
# - {name: MagErrAp1, unit: mag(AB), datatype: float64, format: 7.3f, description: Error of MagAp1}
# - {name: FluxAp1, unit: electron / s, datatype: float64, format: 10.4f, description: Flux of source based on the inner (smaller) aperture}
# - {name: FluxErrAp1, unit: electron / s, datatype: float64, format: 10.4f, description: Error of FluxAp1}
# - {name: MagAp2, unit: mag(AB), datatype: float64, format: 7.3f, description: ABMAG of source based on the outer (larger) aperture}
# - {name: MagErrAp2, unit: mag(AB), datatype: float64, format: 7.3f, description: Error of MagAp2}
# - {name: FluxAp2, unit: electron / s, datatype: float64, format: 10.4f, description: Flux of source based on the outer (larger) aperture}
# - {name: FluxErrAp2, unit: electron / s, datatype: float64, format: 10.4f, description: Error of FluxAp2}
# - {name: MSkyAp2, unit: electron / (pix s), datatype: float64, format: 7.3f, description: Sky estimate from an annulus outside Aperture
#     2}
# - {name: Bck, unit: electron / s, datatype: float32, format: 10.4f, description: Background at the position of the source centroid}
# - {name: Area, unit: pix2, datatype: float64, format: 8.3f, description: Total unmasked area of the source segment}
# - {name: FWHM, unit: pix, datatype: float64, format: 8.3f, description: Circularized FWHM of 2D Gaussian function having the same second-order
#     central moments as the source}
# - {name: MagSegment, unit: mag(AB), datatype: float64, format: 7.3f, description: Magnitude corresponding to FluxSegment}
# - {name: FluxSegment, unit: electron / s, datatype: float64, format: 10.4f, description: Sum of unmasked data values in the source segment}
# - {name: FluxSegmentErr, unit: electron / s, datatype: float32, format: 10.4f, description: 'Uncertainty of FluxSegment, propagated
#     from the input error array'}
# - {name: KronRadius, unit: pix, datatype: float64, format: 8.4f, description: The unscaled first-moment Kron radius}
# - {name: Xmin, unit: pix, datatype: int64, format: 8.0f, description: Minimum X pixel within the minimal bounding box containing the
#     source segment}
# - {name: Ymin, unit: pix, datatype: int64, format: 8.0f, description: Minimum Y pixel within the minimal bounding box containing the
#     source segment}
# - {name: Xmax, unit: pix, datatype: int64, format: 8.0f, description: Maximum X pixel within the minimal bounding box containing the
[...]
# - h12: [RA and Dec values in this table are in sky coordinates (i.e. coordinates at the epoch of observation]
# - h12.1: [and an undistorted a posteriori solution aligned by visit to GAIAEDR3).]
# - h13: [Magnitude values in this table are in the ABMAG system.]
# - h14: ['Column titles in this table ending with Ap1 refer to the inner photometric aperture ']
# - h14.1: ['(radius = 1.000000000000064 pixels, 0.05 arcsec.']
# - h15: ['Column titles in this table ending with Ap2 refer to the outer photometric aperture ']
# - h15.1: ['(radius = 3.000000000000192 pixels, 0.15 arcsec.']
# - h16: [CI = Concentration Index (CI) = MagAp1 - MagAp2.]
# - h17: ['Flag Value Identification:']
# - h17.1: ['    0 - Stellar Source (0.9 < CI < 1.23)']
# - h17.2: ['    1 - Extended Source (CI > 1.23)']
# - h17.3: ['    2 - Questionable Photometry (Single-Pixel Saturation)']
# - h17.4: ['    4 - Questionable Photometry (Multi-Pixel Saturation)']
# - h17.5: ['    8 - Faint Detection Limit']
# - h17.6: ['   16 - Hot pixels (CI < 0.9)']
# - h17.7: ['   32 - False Detection Swarm Around Saturated Source']
# - h17.8: ['   64 - False Detections Near Image Edge']
# - h17.9: ['  128 - Bleeding and Cosmic Rays']
# - h18: ['#=================================================================================================']
# schema: astropy-2.0
X-Centroid Y-Centroid RA DEC ID CI Flags MagAp1 MagErrAp1 FluxAp1 FluxErrAp1 MagAp2 MagErrAp2 FluxAp2 FluxErrAp2 MSkyAp2 Bck Area FWHM MagSegment FluxSegment FluxSegmentErr KronRadius Xmin Ymin Xmax Ymax X2 Y2 XY CXX CYY CXY Elongation Ellipticity Theta
[from data line 349]
3140.838752121792 4486.1207351279745 43.50521882543696 15.000528147416942 350 1.0866436494156844 0 23.045452937335924 0.002066656190588204 10.988104979835944 0.020916123403712832 21.95880928792024 0.0023719938242963493 29.893740469917095 0.06531064546353614 0.056510247768381164 0.049531177 105.0 5.19923924977877 21.836757135245335 33.45038501173258 5.80952 3.5 3136 4481 3146 4491 4.970501583496778 4.779263522163309 0.1038792003642138 0.20127837014965613 0.20933234857484187 -0.008749731436568386 1.0293940432701916 0.028554705034830263 23.685480906618736
1069.5546905322594 4491.950047154101 43.53500155714553 15.000607989590819 351 0.6194544878205974 16 23.666629156041388 0.0041388128705998955 6.200865516267845 0.023638410249229455 23.04717466822079 0.007312832781778499 10.970694150865913 0.07389412528812551 0.052086402429267764 0.049531177 31.0 3.109189549191386 23.034688422505482 11.09758821502328 3.3446572 3.5 1067 4489 1072 4495 1.6096819399657243 1.8769728153026985 -0.10530561536173884 0.6235292980046856 0.5347354217678345 0.06996493064484517 1.102864967655461 0.09327068197128219 -70.88186936648448
1078.3330773287066 4509.316873353194 43.53487536017548 15.00084920835809 352 0.48623830142391 16 22.450185224117874 0.0012190882198228003 19.012091041048613 0.02134790109822323 21.963946922693964 0.002433421039159069 29.752619339782946 0.06668568653543228 0.0518871883102041 0.049531177 57.0 3.72749772866496 21.95336258719906 30.04408209770918 5.5015564 3.5 1074 4506 1082 4513 2.7001629706039583 2.3111245693591442 -0.18117391023410284 0.3723063125664584 0.43497772999436907 0.05837174797653533 1.1123671388739471 0.10101623371191693 -21.48280347096199
1048.449989242008 4511.363990099549 43.53530504894803 15.000877596274407 353 1.7060409284334952 1 24.460464072039883 0.00813876124842414 2.984821374917797 0.02237519438118175 22.754423143606388 0.005285923491005822 14.365962137628426 0.06994324098203031 0.05505064339376986 0.049531177 50.0 4.309975684126608 22.61225377300792 16.37579774297774 4.0691314 3.5 1044 4508 1053 4514 4.456471854796312 2.243364384440952 -1.1662103851856351 0.2597255037899077 0.5159480134570097 0.2700360065606043 1.686845249642671 0.4071773921100156 -23.25179152113528
1038.4376346003382 4514.053952023482 43.53544901968368 15.000914941838838 354 0.4240933747055564 16 23.854301825494865 0.004797663701225821 5.216548442530812 0.023051713280294896 23.43020845078931 0.010153533949938691 7.709400268333882 0.07209879097190248 0.05257318572888911 0.049531177 26.0 2.922466211901755 23.420157365749695 7.781100571155548 2.8038423 3.5 1036 4512 1041 4516 1.7488874366874068 1.3315581740153115 -0.027207700669649112 0.5719739069413234 0.7512386612041404 0.023374262055681404 1.1473826998067886 0.12845121321038477 -3.7144316306179586
2786.9889967071604 4533.573603572518 43.5103067813945 15.001187297611278 355 1.0570937506289155 0 24.43574249151804 0.004693009606501522 3.0535636587745847 0.013199229607343705 23.378648740889126 0.0055330664440259815 8.084338294718933 0.041200314028427325 0.054499977953353165 0.049531177 104.0 5.405685971694252 23.201743250573664 9.514953598380089 3.1338584 3.5 2782 4528 2792 4539 5.319258953120115 5.220147988189979 0.13538802509396958 0.1881202946588153 0.19169199108749096 -0.0097580510098848 1.0277434241152346 0.02699450413814941 34.948040484253546
1060.092861384819 4556.41469240535 43.535137706448964 15.00150331762846 356 0.7704490441942582 16 24.13343437669397 0.005897375802472796 4.033947337326562 0.021911857249331517 23.36298533249971 0.00905954860283911 8.20181259794698 0.06843945828726054 0.053104640687910876 0.049531177 27.0 3.080889862078721 23.330476680264894 8.451101209968328 2.9210095 3.5 1058 4554 1062 4559 1.4040254131858714 2.019447482783932 -0.22927820116106643 0.7256924138895909 0.5045392860885801 0.164783142588551 1.2561523181905312 0.203918198837156 -71.65494028346198
3022.756161885348 4573.8302980762555 43.50691669362883 15.001746375696916 357 3.345044223175968 9 32.044770851439786 5.574331217148409 0.0027618216793659223 0.014180076267372851 28.699726628263818 0.799048150478757 0.060146910403460874 0.04426662753513577 0.05342111021785413 0.049531177 21.0 2.651327944966566 27.798360277022937 0.13796212151646614 0.44687226 3.5 3021 4572 3025 4576 1.1981915451439358 1.3371790330361408 0.032204491181642134 0.8351316952942582 0.7483274203838469 -0.04022646280288611 1.0623605502861755 0.058699986807093874 77.56812685428177
1336.0236258564355 4580.719161440608 43.53117014737384 15.00184125471393 358 1.3456173753152427 1 26.057782824503143 0.02247766632302099 0.6854737766048616 0.014191628280100496 24.7121654491879 0.020313835470617624 2.367215496898929 0.04429144895228993 0.05436398534210844 0.049531177 129.0 5.870161207489044 24.301941175189498 3.4540411308407784 1.9704318 3.5 1330 4575 1342 4587 6.422784017018337 6.005598283430602 0.4927983442778154 0.15668218056552094 0.16756628692003617 -0.02571358106770335 1.0901633609014816 0.08270628433790272 33.528957305613794
1398.9520391333062 4587.387030079128 43.530265310573235 15.001933939904488 359 1.376314679459142 1 24.35941235275851 0.004407901302425591 3.275963345500092 0.01330028838291273 22.98309767329937 0.0038751485024144244 11.63763965321624 0.04153779301261824 0.05566823180393665 0.049531177 293.0 7.629005833185069 22.707468843311254 15.000869661569595 4.0005116 3.5 1390 4579 1408 4596 10.838308011752282 10.153528799787036 0.5633236430107792 0.09253215118575633 0.09877274938761105 -0.010267474398196945 1.064909222051164 0.060952821805918656 29.354327356881296
3237.002033103573 4585.269837063018 43.50383605694431 15.001905175984044 360 1.9457107045088833 9 29.80008985599776 0.9283137979763673 0.021830718647843417 0.018666074735684834 27.854379151488878 0.4830483695832018 0.13102444064480223 0.0582952403325253 0.05136179418436118 0.049531177 88.0 5.675261445783153 26.338216613756614 0.5294407065957785 0.95595694 3.5 3232 4580 3242 4591 4.654751057019218 6.9620431034841905 -3.2939579808920025 0.3229684543009483 0.21593341662720372 0.30561273517210946 2.0027475055164192 0.500685934075277 -54.65091680180119
1089.983156164666 4603.248622351811 43.5347079864208 15.002153832635178 361 2.0740689081365034 1 25.129719363166814 0.014573464322857506 1.6114477546948545 0.021630631262037663 23.05565045503031 0.00674020742403644 10.885384972830618 0.06757829290537684 0.05527536495754572 0.049531177 51.0 4.426100642037493 22.760805809581733 14.28175738453865 3.7981784 3.5 1086 4600 1094 4607 3.890414521052829 3.175316770539173 -0.7272857735504544 0.26854040429325 0.3290170914741399 0.12301488624884824 1.263077518485851 0.20828295542875508 -31.91015248691297
1102.2736278492073 4609.344265125193 43.53453127112201 15.00223851215382 362 0.7454864005451256 16 22.918022333003456 0.001865648964581363 12.35648771510483 0.02123318459201221 22.17253593245833 0.0029337696996453826 24.552154139286927 0.06634463099830795 0.052398781224931634 0.049531177 53.0 3.75257438654446 22.152895949126524 25.000321593135595 5.0185843 3.5 1099 4606 1106 4613 2.5350249447246886 2.5439160513181047 -0.08293506154439276 0.3948946205471163 0.3935144452215069 0.02574818429378229 1.033258044516456 0.032187549560303785 -46.534139515431356
1071.5717402938315 4617.278727903981 43.53497274510903 15.002348668174214 363 1.1460937660478265 0 24.069365772000353 0.005840741452081982 4.279151534684717 0.023020556091344985 22.923272005952526 0.006349308473752195 12.296886727219556 0.07191372119177122 0.049742341206850865 0.049531177 40.0 3.76536249444607 22.862525420509613 13.004504423588514 3.6225407 3.5 1069 4614 1075 4621 2.3309893439744176 2.7826268951942073 0.7040826697280986 0.46450342063755845 0.38911164325185155 -0.23506479367763064 1.3467371982701246 0.2574646328292606 53.8912409745273
1105.196823086186 4660.964437558405 43.53448931554457 15.002955462994526 364 0.5973133207781274 16 24.281807947487835 0.007298793867244634 3.5186882919262636 0.02365495120738409 23.684494626709707 0.013158321592371748 6.099666973189996 0.07392592764078727 0.050815240435045345 0.049531177 20.0 2.6335314108803956 23.686144339582768 6.09040592238307 2.4830937 3.5 1103 4659 1107 4663 1.2164967966859337 1.2849516281965672 0.061892931607246494 0.8240520571640011 0.7801513036326603 -0.07938508578170402 1.058241854863337 0.05503643103481137 59.471518285377854
1115.2163411735912 4664.880227000973 43.53434525039071 15.003009863358319 365 0.8796783527235945 0 24.48983623180345 0.00806243323829278 2.905156162365693 0.021573756660116294 23.610157879079857 0.011205920657404327 6.531919492311646 0.06741841353172796 0.05175846542777686 0.049531177 22.0 2.7607359358380195 23.606261504366714 6.555402662605047 2.5734813 3.5 1113 4663 1117 4667 1.3988815853890244 1.3500522345792019 -0.1516789718790655 0.723672582428548 0.7498467270236777 0.1626098760749703 1.1187860696864385 0.10617406929255968 -40.42797125295948
1148.9545977644661 4671.621338517815 43.53386013661856 15.003103537755775 366 3.0437788674748774 9 31.205561876199795 2.724469544259935 0.005982452023408108 0.015012442053764034 28.161783008724917 0.5155328935385697 0.09871673239932588 0.04687457188403531 0.049934412979958015 0.049531177 33.0 3.2405184551001747 28.003636792484492 0.1141955703496933 0.5028094 3.5 1146 4669 1152 4674 1.9963297371112703 1.7910909407604299 -0.27222377319111807 0.5115207059470666 0.5701352026250164 0.15548970012564006 1.167485407039502 0.1434582445567434 -34.672604520132076
1112.201639442249 4692.693107168583 43.53438864019426 15.003396148909516 367 0.4628938687871056 16 23.06558589576383 0.0021773580587000738 10.786228507441809 0.02163164922507036 22.602692026976726 0.004445504220708823 16.52065127947643 0.06764541308996139 0.05054972720773597 0.049531177 40.0 3.3407298867470923 22.5920035894881 16.684090584516525 4.1055393 3.5 1109 4690 1115 4696 1.9885246968737007 2.0367662114689797 0.005793716644284869 0.502889548970372 0.4909784354710125 -0.0028610053855961976 1.012402380702333 0.012250446007178617 83.24681630572897
1127.307880267841 4699.326247958606 43.534171436403746 15.003488297441228 368 2.0060812211003025 1 24.440146637397277 0.00850316838464932 3.041202367993875 0.02381860166422231 22.434065416296974 0.00419891397088952 19.296467325476176 0.07462854033504195 0.05412678005557288 0.049531177 100.0 6.66303208359715 21.802179784482604 34.53282129019499 5.904183 3.5 1120 4695 1135 4703 12.790626566518798 3.2218444469175336 -3.0103761574357035 0.10022210409529288 0.3978787704726445 0.18728789523352887 2.4090488771322027 0.5848984180053551 -16.089211402180123
1390.7364672428344 4734.791102895493 43.53038362259521 15.003981208392133 369 2.015591179467542 1 27.77454465856662 0.17864008036105575 0.14102175382584103 0.023203589791015253 25.758953479099077 0.0871506801969535 0.9026566443524535 0.07245753020135937 0.06190013175679221 0.049531177 73.0 6.054478940321251 24.48524552295266 2.9174657464027405 1.7675287 3.558725768018595 1385 4730 1396 4739 7.866516417460691 5.354598905110893 -3.4912965133682596 0.17888680680428848 0.2628051190257939 0.23327494587401204 1.886439724081774 0.4699008999681923 -35.10715808055963
1180.5932343408622 4859.34294216041 43.533405470182494 15.005710825348416 370 0.5673531759520216 16 23.86421792921714 0.004345176851740912 5.169122248445986 0.020687805413803474 23.29686475326512 0.008049931249325397 8.71681991193136 0.06463093027889666 0.05344833903116723 0.049531177 27.0 2.9694321536320585 23.28182017041412 8.838445875793695 2.990431 3.5 1178 4857 1183 4862 1.5390062914395852 1.641244441132413 -0.05951730868059835 0.6506824424986444 0.6101494376082995 0.047192077929009826 1.050619623308365 0.04818073276507573 -65.32954615050589
1179.4585702592674 4897.280185925169 43.53342183972352 15.006237729759988 371 0.7313444916664622 16 24.609425602281846 0.009828412561921173 2.602158426237848 0.023556310734590673 23.878081110615383 0.015667351223736237 5.103540090446369 0.07364737504047329 0.056150551210400954 0.049531177 18.0 2.5756142692133883 23.86389719436154 5.1706494726240635 2.2850852 3.5 1178 4895 1181 4899 0.99680093500627 1.3958326390121087 -0.020462708682936526 1.003511331712316 0.7166339328819392 0.029422667828412394 1.1844134456825934 0.15570022980979703 -87.07205794811735
1158.169262610357 4912.139486337481 43.53372798545697 15.006444079343249 372 0.740893135867978 16 24.44705935388116 0.008271314338448419 3.021901006909579 0.023022099224300367 23.70616621801318 0.013059099724866165 5.979123001255681 0.07191854429459245 0.05195888857843527 0.049531177 22.0 2.7670944566169196 23.702533542058866 5.999161563813686 2.46791 3.5 1156 4910 1160 4914 1.3884596401442937 1.373151438492238 0.12390361868719192 0.7260690679970997 0.7341634495741414 -0.13103082794780307 1.0943354758176997 0.08620343386675944 43.23253306204976
1175.7368869571005 4925.494875545995 43.5334753949729 15.006629595174259 373 0.37517032169559883 16 24.10830251074441 0.0054302108259694495 4.128411419135562 0.020648562569997076 23.73313218904881 0.012009681498282833 5.832451006131589 0.06451679003221851 0.053511743705809314 0.049531177 18.0 2.503891642603995 23.71425313359277 5.934753995388746 2.446573 3.5 1174 4924 1178 4927 1.307171559343995 0.9540629712637269 -0.020635888934337553 0.7652718321803996 1.0485068641415383 0.03310486835587795 1.1717934448853513 0.14660727591129308 -3.3332775608110756
1181.9433548512204 4940.28805593518 43.533386171455895 15.00683506448375 374 2.357019577382985 1 25.84643274370088 0.03285017280556773 0.8327811329194359 0.02519757218902085 23.489413166317895 0.011743472996933428 7.300266396625965 0.0789633243982661 0.05795306187274271 0.049531177 196.0 13.089509593810627 20.836112025537055 84.07350718975067 9.212471 3.5 1172 4931 1191 4953 24.820545310475733 36.97558767965294 -26.993708871981685 0.19554084860926402 0.13126040172786427 0.28550581998421193 4.259099260668298 0.7652085713909637 -51.34416823522113
1164.9544286718537 4955.470422260602 43.53363048197544 15.007045907121206 375 1.6084808257172085 1 24.91264742382708 0.012213635213943873 1.9680902298997658 0.02214012723231341 23.304166598109873 0.008682955741080628 8.658393824587403 0.06924606278690085 0.05689949790199458 0.049531177 49.0 4.9347414920902395 22.96575464664341 11.825026325881481 3.4588675 3.5 1162 4950 1169 4960 3.2894951083056987 5.49351457445929 -2.734830765929848 0.5186676007585932 0.31057613708069143 0.5164155269344072 2.255363218701418 0.5566124375408698 -55.97357229740119
1188.1735478551143 4995.803314100736 43.53329666420915 15.007606117985413 376 0.41038858078836427 16 22.80745805134965 0.001586660413442265 13.681091717263351 0.019993779718572916 22.397069470561284 0.003395711468705367 19.965315924105283 0.06244492240933057 0.05462461789803845 0.049531177 42.0 3.323380994136563 22.386975135694087 20.151803543791175 4.5168056 3.5 1185 4993 1191 4999 1.9971094131201268 1.9864822186260178 0.028615288604190197 0.5008270633806017 0.5035063657979877 -0.01442883387029506 1.0147205008656366 0.014506951276808566 39.740256861988556
1194.8064801000903 5022.798266493573 43.53320132501181 15.0079810567918 377 0.9787416070971275 0 24.217683028886754 0.006161586713756684 3.732765980165407 0.02118426938284067 23.238941421789626 0.007814990345420828 9.194484949029784 0.0661829336905083 0.05437438932489859 0.049531177 30.0 3.2735120295673497 23.193739133559987 9.585357639938593 3.1110425 3.5 1192 5020 1198 5025 2.0654290735491885 1.7995080236000536 -0.5435416114780568 0.5259691300076527 0.6036938533532339 0.31773807592158887 1.3472791383701859 0.25776331606402825 -38.12715134777155
