UGC2369/hst/hst_10592_11_acs_wfc_f435w_j9cv11/hst_10592_11_acs_wfc_f435w_j9cv11_segment-cat.ecsv
# %ECSV 1.0
# ---
# datatype:
# - {name: X-Centroid, unit: pix, datatype: float64, format: 10.3f, description: Pixel Coordinate}
# - {name: Y-Centroid, unit: pix, datatype: float64, format: 10.3f, description: Pixel Coordinate}
# - {name: RA, unit: deg, datatype: float64, format: 13.7f, description: Sky coordinate at epoch of observation}
# - {name: DEC, unit: deg, datatype: float64, format: 13.7f, description: Sky coordinate at epoch of observation}
# - {name: ID, unit: '', datatype: int64, format: 7d, description: Catalog Object Identification Number}
# - {name: CI, unit: mag(AB), datatype: float64, format: 7.3f, description: Concentration Index}
# - {name: Flags, unit: '', datatype: int64, format: 5d, description: Numeric encoding for conditions on detected sources}
# - {name: MagAp1, unit: mag(AB), datatype: float64, format: 7.3f, description: ABMAG of source based on the inner (smaller) aperture}
# - {name: MagErrAp1, unit: mag(AB), datatype: float64, format: 7.3f, description: Error of MagAp1}
# - {name: FluxAp1, unit: electron / s, datatype: float64, format: 10.4f, description: Flux of source based on the inner (smaller) aperture}
# - {name: FluxErrAp1, unit: electron / s, datatype: float64, format: 10.4f, description: Error of FluxAp1}
# - {name: MagAp2, unit: mag(AB), datatype: float64, format: 7.3f, description: ABMAG of source based on the outer (larger) aperture}
# - {name: MagErrAp2, unit: mag(AB), datatype: float64, format: 7.3f, description: Error of MagAp2}
# - {name: FluxAp2, unit: electron / s, datatype: float64, format: 10.4f, description: Flux of source based on the outer (larger) aperture}
# - {name: FluxErrAp2, unit: electron / s, datatype: float64, format: 10.4f, description: Error of FluxAp2}
# - {name: MSkyAp2, unit: electron / (pix s), datatype: float64, format: 7.3f, description: Sky estimate from an annulus outside Aperture
#     2}
# - {name: Bck, unit: electron / s, datatype: float32, format: 10.4f, description: Background at the position of the source centroid}
# - {name: Area, unit: pix2, datatype: float64, format: 8.3f, description: Total unmasked area of the source segment}
# - {name: FWHM, unit: pix, datatype: float64, format: 8.3f, description: Circularized FWHM of 2D Gaussian function having the same second-order
#     central moments as the source}
# - {name: MagSegment, unit: mag(AB), datatype: float64, format: 7.3f, description: Magnitude corresponding to FluxSegment}
# - {name: FluxSegment, unit: electron / s, datatype: float64, format: 10.4f, description: Sum of unmasked data values in the source segment}
# - {name: FluxSegmentErr, unit: electron / s, datatype: float32, format: 10.4f, description: 'Uncertainty of FluxSegment, propagated
#     from the input error array'}
# - {name: KronRadius, unit: pix, datatype: float64, format: 8.4f, description: The unscaled first-moment Kron radius}
# - {name: Xmin, unit: pix, datatype: int64, format: 8.0f, description: Minimum X pixel within the minimal bounding box containing the
#     source segment}
# - {name: Ymin, unit: pix, datatype: int64, format: 8.0f, description: Minimum Y pixel within the minimal bounding box containing the
#     source segment}
# - {name: Xmax, unit: pix, datatype: int64, format: 8.0f, description: Maximum X pixel within the minimal bounding box containing the
[...]
# - h12: [RA and Dec values in this table are in sky coordinates (i.e. coordinates at the epoch of observation]
# - h12.1: [and an undistorted a posteriori solution aligned by visit to GAIAEDR3).]
# - h13: [Magnitude values in this table are in the ABMAG system.]
# - h14: ['Column titles in this table ending with Ap1 refer to the inner photometric aperture ']
# - h14.1: ['(radius = 1.000000000000064 pixels, 0.05 arcsec.']
# - h15: ['Column titles in this table ending with Ap2 refer to the outer photometric aperture ']
# - h15.1: ['(radius = 3.000000000000192 pixels, 0.15 arcsec.']
# - h16: [CI = Concentration Index (CI) = MagAp1 - MagAp2.]
# - h17: ['Flag Value Identification:']
# - h17.1: ['    0 - Stellar Source (0.9 < CI < 1.23)']
# - h17.2: ['    1 - Extended Source (CI > 1.23)']
# - h17.3: ['    2 - Questionable Photometry (Single-Pixel Saturation)']
# - h17.4: ['    4 - Questionable Photometry (Multi-Pixel Saturation)']
# - h17.5: ['    8 - Faint Detection Limit']
# - h17.6: ['   16 - Hot pixels (CI < 0.9)']
# - h17.7: ['   32 - False Detection Swarm Around Saturated Source']
# - h17.8: ['   64 - False Detections Near Image Edge']
# - h17.9: ['  128 - Bleeding and Cosmic Rays']
# - h18: ['#=================================================================================================']
# schema: astropy-2.0
X-Centroid Y-Centroid RA DEC ID CI Flags MagAp1 MagErrAp1 FluxAp1 FluxErrAp1 MagAp2 MagErrAp2 FluxAp2 FluxErrAp2 MSkyAp2 Bck Area FWHM MagSegment FluxSegment FluxSegmentErr KronRadius Xmin Ymin Xmax Ymax X2 Y2 XY CXX CYY CXY Elongation Ellipticity Theta
[from data line 30]
4330.9629723423395 815.391032662 43.48811174985351 14.949544690995348 31 3.2197594165141155 9 32.22309752845808 8.754419521551208 0.002343500030715845 0.01889654823400078 29.00333811194396 1.4091736568674733 0.04547458350912903 0.059023289249410194 0.05097460910779625 0.049531177 35.0 3.158845393215743 27.86108841767127 0.1302172765135765 0.5498742 3.5 4328 813 4334 818 1.9048451651544391 1.6940673378797457 -0.05912864386979897 0.525546451220418 0.5909355515491022 0.03668667502927158 1.0695697749143218 0.06504463434364971 -14.647342121269398
4321.229449671499 816.5335180815975 43.48825167185858 14.949560573029926 32 1.6281385442716427 9 30.229577503262014 1.2402939733038791 0.01469849854141253 0.016791433321847488 28.60143895899037 0.8652733832976686 0.06584584742490462 0.05247735026015409 0.05170761485998002 0.049531177 29.0 3.0665586965888094 27.938427132300262 0.12126434408128262 0.5265202 3.5 4319 814 4324 819 1.7299307337943561 1.6617667668821217 -0.09495767521019967 0.5798766770198083 0.6036626230462271 0.06627132309515343 1.0613714967517223 0.05782282352554857 -35.12802144682124
4332.974929321931 830.4886288264022 43.48808280416565 14.949754376828785 33 1.2467873098507027 8 29.796228503885075 0.9317318514564544 0.02190849644130541 0.018801551028723062 28.549441194034372 0.9242779900558136 0.0690760503381791 0.05880581465189866 0.05447511010319521 0.049531177 16.0 2.4050450100292062 27.6327984432313 0.16068842634558678 0.4719825 3.5 4331 829 4335 832 1.204437648164981 0.8817864837696325 -0.028306137962696126 0.8308898277964484 1.1349175888897023 0.05334461920274004 1.1715532994344957 0.14643234713888298 -4.975899810267941
4340.793930306769 876.6403148178248 43.48797033206316 14.950395360818398 34 0.5608237657868997 16 23.035889914251776 0.0017833305200144825 11.08531425225654 0.018208325716128404 22.475066148464876 0.003322999448428702 18.581360770319872 0.0568719274116493 0.05263866261664918 0.049531177 28.0 2.995187867474641 22.467995333487934 18.702766057103872 4.334271 3.5 4338 874 4343 879 1.4379699167663653 1.7976886176231572 -0.11394981798009009 0.6989355925539354 0.5590781106344623 0.08860665052953313 1.1415361456148785 0.12398744109731297 -73.82185695016456
3806.0329691404086 905.5144937706834 43.49565776044531 14.95079704894331 35 -9999.0 8 -9999.0 -26.73257709010068 -0.0004820189371776973 0.011868479687750934 28.01187017167709 0.3549662386233265 0.1133328750730116 0.03705383105557178 0.05338436403401094 0.049531177 16.0 2.436317867199742 27.911460755374982 0.12431389465928078 0.4133228 3.5 3804 904 3808 907 1.2495443179206045 0.8912869934185348 0.015194810309481629 0.8004576861803925 1.1222057102687928 -0.02729267405917631 1.1847742315016132 0.1559573348142672 2.424289143836749
2241.910967725609 937.2363388895727 43.51814285962449 14.95123807883367 36 -9999.0 0 -9999.0 -0.941525215493603 -0.017635414233470287 0.015293531534021427 -9999.0 -0.26933243994826117 -0.19254744240322563 0.0477657478753413 0.056443144350427465 0.049531177 26.0 2.9175554120604716 33.07291763123608 0.0010713636875152588 0.4164158 3.5 2240 935 2244 940 1.342781614127185 1.72732016987163 0.05983977818545499 0.7458742468318983 0.5798266254085758 -0.051678837847393466 1.1410387441510965 0.12360556981439375 81.35617126667199
4381.434753497494 943.8845177936827 43.487385994724995 14.951329247316073 37 0.6102939104844722 16 24.10257495168493 0.005269802658131167 4.150247477283921 0.020144593522789883 23.492281041200457 0.009380476650155905 7.281008841929115 0.06290810853025214 0.05380853688565354 0.049531177 15.0 2.3739380935836096 23.50932884351907 7.167578160762787 2.6851535 3.5 4380 942 4383 946 0.9366944499929974 1.0959121270166607 -0.048516768046615755 1.0700376218902785 0.9145790770988448 0.0947425725522859 1.0963549391337302 0.08788662840326478 -74.32011069773203
4392.126697752202 954.9968460845946 43.48723227450772 14.951483569000372 38 1.3057232941985077 1 23.900816547622057 0.0046867173120068864 4.997782544574124 0.021574278321176543 22.59509325342355 0.0044317828777129505 16.636680396628556 0.06791024714355819 0.05518887129413788 0.049531177 121.0 10.726782793877181 21.259374240881982 56.931716568768024 7.5687785 3.5 4380 950 4402 960 35.95205761719161 5.548460719356854 -11.442731759833604 0.08094923881002396 0.5245223576356379 0.3338873510032474 4.804587928670133 0.791865605365913 -18.484794931093553
2326.4526725210912 1006.3320874250678 43.51692754952005 14.952197773813136 39 -9999.0 0 32.18081714231233 6.95327756889464 0.0024365600432439405 0.01560475112273468 -9999.0 -0.9566595120840378 -0.05529158873456863 0.0487199265922112 0.051826758367025244 0.049531177 30.0 3.0409249248666943 -9999.0 -0.0036770477890968323 0.40919048 3.5 2324 1004 2329 1009 1.7208282449536005 1.6144029505355462 -0.1764690050140977 0.5877033986786407 0.6264462089628495 0.12848271117668483 1.1173735700110485 0.10504416173893205 -36.6098927608316
2559.6851466626144 1033.9593264752223 43.513574690455755 14.952581540294473 40 -9999.0 0 31.22294646583532 2.2734528830716534 0.00588742501233111 0.012328252158195012 -9999.0 -8.863750639309913 -0.0047117836930365975 0.03846741799893448 0.051886288104233916 0.049531177 15.0 2.7033351376894115 29.281321015113527 0.035202667117118835 0.32453904 3.5 2557 1033 2562 1035 2.0646880047517904 0.571123361011318 -0.15953345948494455 0.4950188518473749 1.7895599362727248 0.27654995518179115 1.9378953086872897 0.48397625221695306 -6.02935553847687
4415.6436073023215 1070.7662469600325 43.48689402080083 14.953091441016285 41 2.322582454524408 1 23.63859347996319 0.003393986282342612 6.3630682714061 0.019891467649223376 21.316011025438783 0.0012481816080469955 54.03803705171876 0.06212515794687062 0.05633271085161741 0.049531177 84.0 5.069950268999353 21.096510101346112 66.14544375613332 8.151783 3.5 4411 1067 4421 1076 5.676144993138146 3.5947560690871323 -0.5003917084173249 0.17836470910499663 0.28163912406884595 0.049656900103974784 1.2897721893796144 0.22466928017652166 -12.839700917966796
2287.563495127408 1074.9812968547744 43.5174866324809 14.953151220992527 42 2.9763590343238917 9 31.097769034944662 2.7559028390503144 0.0066068791193933385 0.016770670463662467 28.12141000062077 0.5549568535776538 0.10245660822680791 0.05237081784082865 0.050257695547374734 0.049531177 26.0 2.889107474757443 27.7838165436159 0.1398225948214531 0.5226292 3.5 2285 1073 2290 1077 1.6456538391330624 1.3648691186161181 -0.0013512351041340882 0.607661702061546 0.7326715794593148 0.001203183238691724 1.0980588900093806 0.08930203188696273 -0.2757189849420938
4423.645720767113 1084.3647932526658 43.48677896316642 14.95328029733072 43 1.9985822223145533 9 30.59593177909177 1.983229879070984 0.010488931840984705 0.019159954892309008 28.597349556777218 0.9830728506106865 0.06609432204554055 0.0598466736506312 0.05453618674351496 0.049531177 18.0 2.5057683796694143 27.696749195132966 0.15149709209799767 0.4625634 3.5 4422 1082 4426 1086 1.1339763931933033 1.1306491252567672 -0.0750167468153135 0.8857402570833195 0.8883468085692398 0.11753487642713273 1.068616106620064 0.06421024930748076 -44.364784615995184
4429.842044936371 1089.8555809981578 43.48668987786565 14.95335654865947 44 1.1710180194549835 8 30.66124933919246 1.9429107464079238 0.009876526634493565 0.017674504683928925 29.490231319737475 2.0645927173381873 0.029040991990519682 0.0552250350630041 0.054406421914182865 0.049531177 19.0 2.589766663451368 27.84331951444247 0.13236591592431068 0.45836857 3.5 4428 1088 4432 1092 1.174066206491484 1.2449335237339212 -0.14655958998464422 0.8644443218596385 0.815236192407143 0.20353312520063574 1.1335074764931903 0.11778261657896738 -51.795782600478724
4413.154714724117 1098.9662081016038 43.48692975543203 14.953483110875837 45 -9999.0 0 -9999.0 -1.6129696991749527 -0.012304565313557447 0.01828027172541891 -9999.0 -0.6504470168935831 -0.09534150330671265 0.057119458793406026 0.0557584041536882 0.049531177 24.0 2.909166895639293 28.674180554132413 0.06157887540757656 0.46973586 3.5 4411 1097 4416 1101 1.6685664458049754 1.3839064863674844 0.2814920298259609 0.6206130961453141 0.7482689027445104 -0.25247029606613053 1.233297608364767 0.18916570240827524 31.58880280856667
4440.975857505 1100.871741146952 43.4865298036779 14.953509533521569 46 0.9794818137310557 8 29.4875513343478 0.678904428110177 0.029112764091717924 0.018204646270971958 28.508069520616743 0.8605143337881455 0.07175896509200785 0.056875396554735114 0.05433827675750985 0.049531177 29.0 3.0889437628305685 27.21767854765602 0.2355225831270218 0.58024806 3.5 4439 1098 4443 1104 1.3095057246619322 2.131889493241825 -0.1987008358008412 0.7746017429414145 0.4757964331314584 0.14439211246470415 1.312476549646215 0.23808162494822838 -77.10435369102314
4448.026166281956 1126.402016854101 43.486428408994115 14.953864109571303 47 1.2483738409421719 0 23.80622233092926 0.0037728396308640434 5.452743171547038 0.018948443892913287 22.557848489987087 0.003739873235477225 17.217281450911955 0.05930777386565726 0.05171240283270105 0.049531177 37.0 3.7986238865981865 22.446236228140904 19.08136695995927 4.3807693 3.5 4445 1123 4451 1130 1.9332617772960983 3.271095910553721 -0.9075490704987653 0.5947188268589897 0.35148684344453707 0.3300034809634349 1.590275371534881 0.3711780878334089 -63.19619966256066
4438.021149672002 1138.4957819497388 43.4865722189269 14.95403209413001 48 -9999.0 0 30.594633000025226 2.114573243885743 0.010501486415686823 0.020453313250106797 -9999.0 -3.898938605157681 -0.017797752353901686 0.0639148417957661 0.054715664209476836 0.049531177 26.0 2.949672232917035 27.969696545912498 0.11782171949744225 0.5230825 3.5 4436 1136 4440 1141 1.3857067145713784 1.7523592422911982 -0.009592800771420546 0.72168077644658 0.5706808704313212 0.007901279306136417 1.1247248593730244 0.11089366286662505 -88.50232538063982
4448.601722943501 1138.6142610128531 43.48642011509582 14.954033723131563 49 0.49983714633470555 16 23.869692697736255 0.004131627202514984 5.143122822983935 0.01957213425561028 23.36985555140155 0.00814508647927119 8.150077797568242 0.06114312284607294 0.052484578886771036 0.049531177 15.0 2.3475463040064644 23.38185311844046 8.060513831675053 2.846574 3.5 4447 1137 4450 1140 0.9954926870680538 0.9921709015663542 -0.10810559756175593 1.01655598908859 1.0199594157975262 0.2215251273382649 1.1154095460647337 0.1034683148193497 -44.55989948404377
4418.313360846645 1166.7899717256712 43.486855487915854 14.954425099439762 50 1.195369710060902 0 23.583290906681796 0.002892475960649649 6.695570885721793 0.017838056396588343 22.387921196620894 0.0030075196239686386 20.134251830812264 0.055774299986270946 0.05201674796510161 0.049531177 36.0 3.5824338162924647 22.321799155852048 21.398548360913992 4.636861 3.5 4415 1164 4421 1170 2.1598286241780515 2.4689978386765743 -0.823456941588173 0.530450416474916 0.4640271349219965 0.3538302632526734 1.4611112841546283 0.31558943466884437 -50.3160929897183
2307.366751921526 1181.8237331825537 43.517201986582506 14.954635150759563 51 2.5894779218175046 9 32.35358806281057 7.799830990784875 0.0020781110411869363 0.014929460165185674 29.76411014099307 2.2427301527815438 0.022566277194912 0.04661515179244326 0.052306239854316317 0.049531177 29.0 3.289279252258575 28.36123548929981 0.0821504183113575 0.49138805 3.5 2305 1179 2310 1185 1.9484974343841983 1.9537610984278824 -0.6366359301443004 0.5743664791654922 0.5728190677717894 0.3743163255747743 1.4030869798267331 0.287285810232884 -45.11842876054193
2382.088363907489 1191.1982942069278 43.51612780724222 14.954765377174917 52 -9999.0 0 -9999.0 -0.705496366875636 -0.025051639678391857 0.016278751752217904 -9999.0 -0.9791719957500441 -0.0563781849795888 0.050846403153015675 0.053735985739590375 0.049531177 19.0 2.6067591470641958 29.167503156043765 0.03909333422780037 0.3688021 3.5 2380 1189 2384 1193 1.215538578401857 1.2353093228020005 0.005984304525624259 0.822700215391575 0.809533152392685 -0.007970940607867485 1.0094747840475753 0.009385855097425289 74.40527951456679
4473.456110019385 1235.1371138760458 43.48606265561533 14.95537427875552 53 -0.5258954398815519 8 29.93481183408415 1.072083515767581 0.019283206022615434 0.0190413625384509 30.460707273965703 5.43538458651942 0.01188012650801129 0.05947596620387338 0.05345113808130242 0.049531177 25.0 2.971211266533659 28.240751750202456 0.09179167076945305 0.46634918 3.5 4471 1233 4476 1237 1.874753276210325 1.3093094445111764 0.09634865953262131 0.5354284347553314 0.7666607893510506 -0.07880155784499941 1.2090846928090555 0.1729280786139894 9.40928550910175
4480.429908367646 1241.9082415704997 43.485962390225204 14.955468311061082 54 2.2187994795278385 9 29.748583683624922 0.9557970052369583 0.02289130234370737 0.020152379318494305 27.529784204097083 0.38686929002369047 0.17668118088513385 0.06295709957592241 0.05128697007384202 0.049531177 41.0 3.343878896806627 27.263658231117276 0.22575671784579754 0.6756164 3.5 4477 1239 4483 1245 1.9163392339702685 2.116543821067166 0.052243032992524946 0.5221796566965135 0.47278650852790416 -0.025778109350995164 1.0576567150904965 0.05451363780691665 76.22005158599441
2345.9180530511226 1246.2399154767081 43.51664780274352 14.955529832954328 55 -9999.0 0 -9999.0 -2.157799725939343 -0.0076457996282776886 0.015195822365740743 -9999.0 -1.4421360565285746 -0.03572071769730911 0.04744785387894245 0.05355451760344765 0.049531177 17.0 3.001400712005796 28.481273097702413 0.07355204224586487 0.36950988 3.5 2343 1244 2348 1248 1.7224981606455858 1.5265975893910926 0.7644907664790266 0.7464603628788631 0.8422498574536137 -0.74762603967047 1.6749383803615394 0.40296311092701353 41.3493820993412
1523.4531936104302 1274.9588894404903 43.52847146499522 14.95592813789341 56 1.5631933379559584 9 30.25263545991446 0.9822198360574246 0.01438963542999186 0.013018131484731243 28.6894421219585 0.7267506927579307 0.060719351727205106 0.04064458960261468 0.049828787699799496 0.049531177 23.0 2.8058672213091116 28.77028771726036 0.056362323462963104 0.42613068 3.5 1521 1273 1526 1277 1.551066165239653 1.288478986360385 -0.2339636223182827 0.6628738093545605 0.7979650024543005 0.2407309070900653 1.2107767795181252 0.17408392949360318 -30.350062583811575
4440.428393960949 1276.2518335136779 43.48653739015009 14.955945368449544 57 -9999.0 0 30.286900010388806 1.2907387753244945 0.013942606508352634 0.016575723357670078 -9999.0 -1.2921190729971586 -0.043509516938143644 0.05178177829296153 0.055365546872116034 0.049531177 29.0 2.993635506716754 27.90729211610708 0.12479211017489433 0.50305766 3.5 4438 1274 4443 1279 1.6661107036576555 1.5661947137270122 -0.07580717818249995 0.6015249352865755 0.6398994482704062 0.0582301900917208 1.0578460596606742 0.05468287104007319 -28.307278442204897
4451.911453663906 1280.2224505787085 43.48637230465549 14.956000497913879 58 -9999.0 0 -9999.0 -0.9391191670235032 -0.020735966036933756 0.017936394171532543 -9999.0 -1.2870414588249524 -0.04727038298526476 0.05603660557849254 0.053355410093396796 0.049531177 21.0 2.776695508499884 28.95716938580575 0.047450000420212746 0.3921921 3.5 4450 1278 4454 1282 1.4380441955390866 1.3427641822339527 -0.22560348072414357 0.7142144958651104 0.7648938091571377 0.23999638712843538 1.1822052010206126 0.1541231597216054 -39.038098394613634
