UGC2369/hst/hst_10592_11_acs_wfc_f435w_j9cv11/hst_10592_11_acs_wfc_f435w_j9cv11_point-cat.ecsv
# %ECSV 1.0
# ---
# datatype:
# - {name: X-Center, unit: pix, datatype: float64, format: 10.3f, description: Pixel Coordinate}
# - {name: Y-Center, unit: pix, datatype: float64, format: 10.3f, description: Pixel Coordinate}
# - {name: RA, unit: deg, datatype: float64, format: 13.7f, description: Sky coordinate at epoch of observation}
# - {name: DEC, unit: deg, datatype: float64, format: 13.7f, description: Sky coordinate at epoch of observation}
# - {name: ID, unit: '', datatype: int64, format: 7d, description: Catalog Object Identification Number}
# - {name: MagAp1, unit: mag(AB), datatype: float64, format: 7.3f, description: ABMAG of source based on the inner (smaller) aperture}
# - {name: MagErrAp1, unit: mag(AB), datatype: float64, format: 7.3f, description: Error of MagAp1}
# - {name: MagAp2, unit: mag(AB), datatype: float64, format: 7.3f, description: ABMAG of source based on the outer (larger) aperture}
# - {name: MagErrAp2, unit: mag(AB), datatype: float64, format: 7.3f, description: Error of MagAp2}
# - {name: MSkyAp2, unit: electron / (pix s), datatype: float64, format: 7.3f, description: Sky estimate from an annulus outside Aperture
#     2}
# - {name: StdevAp2, unit: electron / (pix s), datatype: float64, format: 7.3f, description: Standard deviation of sky estimate from annulus
#     outside Aperture 2}
# - {name: FluxAp2, unit: electron / s, datatype: float64, format: 10.4f, description: Flux of source based on the outer (larger) aperture}
# - {name: CI, unit: mag(AB), datatype: float64, format: 7.3f, description: Concentration Index}
# - {name: Flags, unit: '', datatype: int64, format: 5d, description: Numeric encoding for conditions on detected sources}
# meta: !!omap
# - h00: [' #==================================================================================================']
# - h01: [' # All refereed publications based on data obtained from the HAP must carry the following footnote: ']
# - h02: [' #                                                                                                  ']
# - h03: [' #     Based on observations made with the NASA/ESA Hubble Space Telescope                          ']
# - h04: [' #     and obtained from the Hubble Advanced Products collection generated                          ']
# - h05: [' #     by the Space Telescope Science Institute (STScI/NASA).                                       ']
# - h06: [' #                                                                                                  ']
# - h07: [' # One copy of each paper resulting from data obtained from the HAP should be sent to the STScI.    ']
# - h08: [' #==================================================================================================']
# - {WCSNAME: IDC_4bb1536oj-FIT_SVM_GAIAeDR3}
# - {WCSTYPE: undistorted a posteriori solution aligned by visit to GAIAEDR3}
# - {Proposal ID: 10592}
# - {Image File Name: HST_10592_11_ACS_WFC_F435W_J9CV11_DRC.FITS}
# - {Target Name: UGC02369}
# - {Date Observed: '2006-07-22'}
# - {Time Observed: '15:35:18'}
# - {Instrument: ACS}
# - {Detector: WFC}
# - {Target RA: 43.5075}
# - {Target DEC: 14.97361111111}
# - {Orientation: 0.0}
# - {Aperture RA: 43.5075}
# - {Aperture DEC: 14.97361111111}
# - {Aperture PA: 72.774948}
# - {Aper1 (arcsec): 0.05}
# - {Aper2 (arcsec): 0.15}
[...]
# - h10.4: ['the selected aperture. For details, see Whitmore et al., 2016 AJ, 151, 134W.']
# - h10.5: [' ']
# - h11: ['The X and Y coordinates in this table are 0-indexed (i.e. the origin is (0,0)).']
# - h12: [RA and Dec values in this table are in sky coordinates (i.e. coordinates at the epoch of observation]
# - h12.1: [and an undistorted a posteriori solution aligned by visit to GAIAEDR3).]
# - h13: [Magnitude values in this table are in the ABMAG system.]
# - h14: ['Column titles in this table ending with Ap1 refer to the inner photometric aperture ']
# - h14.1: ['(radius = 1.000000000000064 pixels, 0.05 arcsec.']
# - h15: ['Column titles in this table ending with Ap2 refer to the outer photometric aperture ']
# - h15.1: ['(radius = 3.000000000000192 pixels, 0.15 arcsec.']
# - h16: [CI = Concentration Index (CI) = MagAp1 - MagAp2.]
# - h17: ['Flag Value Identification:']
# - h17.1: ['    0 - Stellar Source (0.9 < CI < 1.23)']
# - h17.2: ['    1 - Extended Source (CI > 1.23)']
# - h17.3: ['    2 - Questionable Photometry (Single-Pixel Saturation)']
# - h17.4: ['    4 - Questionable Photometry (Multi-Pixel Saturation)']
# - h17.5: ['    8 - Faint Detection Limit']
# - h17.6: ['   16 - Hot pixels (CI < 0.9)']
# - h17.7: ['   32 - False Detection Swarm Around Saturated Source']
# - h17.8: ['   64 - False Detections Near Image Edge']
# - h17.9: ['  128 - Bleeding and Cosmic Rays']
# - h18: ['#=================================================================================================']
# schema: astropy-2.0
X-Center Y-Center RA DEC ID MagAp1 MagErrAp1 MagAp2 MagErrAp2 MSkyAp2 StdevAp2 FluxAp2 CI Flags
[from data line 71]
3016.037495963284 2246.83314302911 43.507021874574896 14.969425002493098 72 27.065849839019315 0.20208939384053332 25.07992882178064 0.10159311597548035 0.16741825704523128 0.028267001047058767 1.687067449693969 1.9859210172386739 1
3012.1116179001565 2250.0671495185115 43.50707831514657 14.969469920336564 73 28.09383836883614 0.5036470669668056 26.42556900195568 0.33959391302469794 0.18797673142044308 0.02732645798125906 0.48851327982705683 1.668269366880459 1
3741.1911236245855 2250.2280728310475 43.49659649591437 14.969471715499692 74 24.59179168338965 0.004789514276753996 23.54646000345727 0.0057063629717981484 0.05547612271196134 0.006462103700329765 6.926597846794546 1.0453316799323815 0
3003.8706577566845 2252.059346074027 43.50719679310683 14.969497591970022 75 28.302075900059677 0.6976645552557057 26.701941029768108 0.4990644557950608 0.16932822513058532 0.03126820000674344 0.378728129580967 1.6001348702915692 1
3009.5866642622173 2253.596432800453 43.50711461486491 14.969518938851248 76 28.15411350094756 0.5832771132261269 26.659273384619425 0.461621688159001 0.17347684080031378 0.02993974903348837 0.39390783670580465 1.4948401163281346 1
3005.635872909254 2255.641710407075 43.507171413985525 14.96954734655549 77 27.603377433321036 0.3337796842908879 25.5319923263459 0.15483374322595458 0.14732184368988566 0.028463580745787802 1.1125179949024826 2.0713851069751357 1
3034.391535927057 2258.0092512392 43.506757999126116 14.969580220948977 78 25.45050970011468 0.04997834153957334 23.876436161670867 0.03663406609862129 0.15611526076080035 0.030962531755678858 5.111278089370768 1.5740735384438125 1
3086.915416920369 2261.958334213859 43.50600287279088 14.969635052573963 79 26.64097315811629 0.12670415952087988 24.682627639524043 0.06522411661513976 0.10433598353431145 0.02621372602534571 2.4325003930902875 1.958345518592246 1
2989.5049430946588 2263.0653087740416 43.50740332302118 14.969650456314922 80 27.416763897419045 0.20816233938191064 25.755317854410798 0.14104816775328707 0.13274643852242402 0.02106433652298831 0.9056842871461068 1.6614460430082474 1
3042.3681186742924 2264.8141816108205 43.50664331932053 14.969674731485922 81 27.300099514314248 0.36420977124372533 25.842361421037786 0.2974034875839795 0.1818890040222969 0.04108010851600205 0.8359097801643358 1.4577380932764612 1
2992.2303168735302 2266.1088483192566 43.50736414006425 14.969692726999126 82 27.336164838573445 0.18686557913647164 25.48410361819166 0.10672134541238547 0.13343691036283256 0.020351588302384687 1.162686226313851 1.8520612203817848 1
3046.6752442276384 2266.695179581074 43.50658139604652 14.969700855146478 83 27.18645851989693 0.33942230422467523 25.28224370228989 0.18354375681585722 0.14307394068119889 0.042514968184443336 1.4002529426448929 1.9042148176070413 1
3062.2833424447576 2267.76563814248 43.50635700117672 14.96971571773587 84 25.57093818423065 0.025061371345612378 24.149494649801333 0.021136132521628895 0.11001237496986227 0.013864087703376061 3.9747161095108083 1.421443534429315 1
2953.74503574398 2269.5185441826193 43.50791743446896 14.96974009312075 85 25.288470954558967 0.17516406880260754 23.775162123901005 0.13579153388484994 0.18751931144874923 0.12605281077512778 5.610985228390717 1.5133088306579623 1
2999.250822584477 2269.6400802746193 43.507263206693715 14.96974177005832 86 24.486175283829013 0.02022139683504062 23.1070356706727 0.017737292951069406 0.15244677470249385 0.030450257970573744 10.38220755195428 1.3791396131563118 1
3011.2504256293046 2270.137251190085 43.507090690619755 14.969748671981831 87 25.551199885093162 0.06384625571639624 23.95338204210676 0.04590912078501792 0.18329783672636207 0.03604306627094779 4.761580797260867 1.5978178429864016 1
3035.820270783897 2269.9369763115296 43.50673745483914 14.969745883372344 88 26.813821162046096 0.16690440125955464 24.994563837621378 0.09764903113021675 0.17058025505329732 0.029454229900084006 1.8250654342871915 1.8192573244247185 1
3046.346226324524 2269.873737271166 43.5065861252641 14.969745001881225 89 27.207320015009614 0.3491657963087849 25.500044751255835 0.22636378276909233 0.15059322315757556 0.04290332904651578 1.1457399973911908 1.707275263753779 1
3039.1010735033396 2273.2198181694494 43.506690286364865 14.969791477419879 90 27.580096265402418 0.4355852608990428 25.54732792498408 0.20958234237843268 0.1609758037033856 0.03795670627301138 1.0969145695163016 2.032768340418336 1
2974.792942530501 2275.040585974908 43.50761483147365 14.969816783259176 91 27.460319294756708 0.2678717955551108 25.984570814296376 0.21521854806202767 0.15193143455605757 0.02605441599053618 0.7332898087387232 1.4757484804603322 1
4711.212803453653 2274.8344030587277 43.48265065861062 14.969812142949078 92 24.743037412173983 0.010446972510845108 23.879662395854048 0.014734220768198936 0.056717111503406595 0.012379504659325637 5.096112615272576 0.8633750163199352 0
2981.7892289510596 2278.8954332012795 43.507514246215116 14.969870321091095 93 27.798891089752104 0.8437732271365803 25.286623026292872 0.26072361729721943 0.11362055816674888 0.06013090148612643 1.3946163885263458 2.5122680634592314 1
3012.9862316045264 2281.424308699331 43.507065732052354 14.969905436189917 94 26.03016845737396 0.17610163917163602 24.359499482243166 0.11829187389958397 0.18145100175277562 0.06398089623179534 3.275700462541807 1.6706689751307948 1
2930.677101804574 2281.626232327338 43.50824907508484 14.96990826035077 95 23.855138466453532 0.02270794574244437 22.52203036429961 0.020821759815797668 0.26846248422350205 0.061158115539795235 17.794747470691952 1.333108102153922 1
3004.7121097809345 2282.321332570785 43.507184687315764 14.969917897107313 96 25.171080410379844 0.07462388570864764 23.658007063784176 0.058105723191360224 0.2005235919974886 0.05979130634018129 6.250304122389164 1.513073346595668 1
3032.926848572024 2281.7511654022887 43.50677904940614 14.969909970184151 97 25.009630729736635 0.027449905288296796 23.634264428554395 0.02416115786138594 0.14484730418644792 0.025516894975378554 6.388489767400136 1.3753663011822397 1
452.54865274926703 2286.2441551957495 43.54387667448951 14.969970134245871 98 24.4717889667578 0.006236016747452016 23.921454085067396 0.011744632897209523 0.05327592096046398 0.009461078139057761 4.903682475851667 0.5503348816904037 16
2942.0571469493216 2288.0210331621815 43.50808546488205 14.96999707467243 99 24.924336561859178 0.06646195085008749 23.37407590032464 0.049818379322233895 0.22200517253982244 0.06687622697205782 8.118459244169262 1.5502606615345371 1
2975.6748748010823 2290.0276940678327 43.507602148340794 14.970024937322576 100 27.503829220077563 1.2347865974737529 25.998991422109214 0.9687939585332518 0.22130671255993395 0.11542558827814745 0.7236147420841945 1.5048377979683494 9
3072.5545815336254 2292.13979676843 43.506209325292076 14.970054244374511 101 26.946123332830297 0.1101978730669371 25.019424695858262 0.05883709241027254 0.0904891333033028 0.017176539720257504 1.7837504537086661 1.9266986369720343 1
2961.4449016582316 2293.7541038054846 43.5078067292505 14.970076696370896 102 21.237284250462864 0.010442324111914264 19.67437275995153 0.007769963921676271 0.14920029817646707 0.31340932982226544 245.10652396023468 1.5629114905113326 1
2998.5127244320247 2293.653022400266 43.50727381164743 14.970075283333964 103 23.45094376761979 0.07961510083888873 21.893265977922034 0.05927194453641239 0.17985265095209346 0.31124538209724595 31.753937362487868 1.557677789697756 1
3066.234820081988 2294.4857188004353 43.50630018260486 14.970086828689626 104 26.494367126780503 0.09922236026934063 24.440086419614502 0.046763239041875224 0.11606232414608594 0.023490674208682658 3.0413710457458327 2.0542807071660008 1
2932.336431862371 2296.2745596056134 43.50822521611956 14.970111709002506 105 25.461205352180045 0.1430907771098479 24.468708140460265 0.1791634697781409 0.31381762022706305 0.087826330800601 2.9622432514707597 0.9924972117197797 0
2919.5281962109657 2297.6692519857634 43.5084093576456 14.970131082260885 106 25.00710623020219 0.08997359288165767 23.552396215017524 0.07371733634645204 0.2661106982071635 0.08388193942971012 6.8888303394328165 1.4547100151846664 1
2978.1863097674327 2298.001852050774 43.50756603986638 14.970135688904035 107 25.719742248492807 0.13270935889127697 24.02974046144095 0.08803378009084384 0.23287369604091568 0.06412722842141899 4.4382094147724915 1.6900017870518553 1
3009.743024863643 2297.067099796819 43.50711235461038 14.97012269806528 108 25.381979786685292 0.6014541911397469 22.821327139158697 0.1777259904135494 -0.00804567428579106 0.3971114517633613 13.50744224516908 2.560652647526595 1
3064.931964429444 2297.076596272368 43.50631891266857 14.970122813519763 109 26.639553503861137 0.12045077241812414 24.422191130741396 0.0488446834567167 0.11201263185718963 0.024950473213461867 3.0919148322489916 2.217362373119741 1
2928.1104718704546 2299.6133729218745 43.508285971330224 14.970158082260667 110 27.64076318286309 1.2598260418338099 25.260549569084418 0.4401134854243175 0.26904287273195426 0.10385159388783043 1.428512836588073 2.380213613778672 1
2990.6689664889013 2300.394656098387 43.50738657820183 14.97016891916918 111 26.36604600955657 1.0457179987707252 23.717947785681467 0.28544102384467185 0.10864271003175785 0.27888386135436616 5.914592941546905 2.6480982238751025 1
2911.0641132581313 2304.5313318230883 43.508531043013825 14.970226390516004 112 25.234812727790455 0.14785650837262918 23.918111115781187 0.13743055920645653 0.36511738337192334 0.11178497650664213 4.918804125538605 1.3167016120092683 1
2926.6041336777535 2307.42459749911 43.50830762609702 14.970266571789509 113 -9999.0 -0.9219522644675585 -9999.0 -0.32666120301237656 0.2888236216867912 0.12201592038981625 -2.2587880184010825 -9999.0 0
2946.4892968306294 2307.5289923303676 43.50802174029331 14.970268017598093 114 -9999.0 -18.77160948166502 -9999.0 -12.38405838821671 0.1416148490139416 0.03376212131452008 -0.016521805666834144 -9999.0 0
2974.0278042399445 2309.162351464996 43.507625823208336 14.970290696848418 115 27.404495583054683 0.7368012068280417 25.08520394317462 0.2727296489534808 0.20449847267831078 0.07548056274782697 1.6788906005127755 2.3192916398800634 1
3006.786715263601 2310.343800563777 43.507154853250185 14.970307097488428 116 25.440476133008808 0.6491294567378832 22.70684708188925 0.16464768954557712 0.7974450929164887 0.4057390853309204 15.009462571270973 2.733629051119557 1
2941.7499800560668 2312.5123840901892 43.50808987559271 14.970337232386061 117 27.755217855564936 0.22789258043696223 25.88470671988994 0.1272211980959242 0.14414908136758542 0.01687552333661272 0.8039356488558855 1.8705111356749953 1
2908.203796498786 2314.0992912277607 43.508572163518714 14.970359279363192 118 27.30913493347385 0.8750384440668899 25.526582870919697 0.5301596661199022 0.3508215254903261 0.09789709606771692 1.1180747161535916 1.7825520625541529 1
3028.304572629102 2314.215061415776 43.50684549326945 14.970360858972763 119 26.285157111540528 0.2155519725828638 24.54462322501857 0.1357487262933734 0.15246150755840138 0.06192241902565229 2.7621972269146804 1.740533886521959 1
3031.67076966049 2314.021445856797 43.506797098035726 14.970358168887255 120 26.7056528177407 0.24007122161684688 24.335774680490758 0.08452075604072581 0.12603524693535634 0.04682769826410028 3.348066710309323 2.369878137249941 1
2912.23437726522 2316.4336692273414 43.50851421603675 14.970391700540075 121 24.328021885289843 0.051818765753850506 23.102100510780687 0.05242259701346039 0.3928523386956946 0.0902964186820795 10.429506776456215 1.2259213745091557 0
2931.945367129089 2316.194274897544 43.508230834202344 14.970388371791826 122 30.220434095022533 5.117290338819729 -9999.0 -11.278180158164654 0.169682562294996 0.039171370563126334 -0.021100563257786753 -9999.0 0
3000.0114850829395 2317.9525885345292 43.507252257576546 14.970412776909479 123 20.788475867478773 0.014896566781806286 19.354431518694547 0.012431125053922056 0.7492466921624841 0.6763425912947747 329.1026409973831 1.4340443487842265 1
2920.2550617735133 2319.6960788293495 43.50839890323273 14.970437010269096 124 26.3570786237715 0.6731952682900381 24.343484667923136 0.3293716616763053 0.37147093692730215 0.18104298057764376 3.3243757662141284 2.013593955848364 1
2942.212068107179 2320.767853072127 43.508083230410655 14.970451891578465 125 28.326370322216604 0.5706785662277583 27.343229495100786 0.7206831628530037 0.14705262453974904 0.025002459875236437 0.20980323331144124 0.9831408271158182 0
4741.861696206302 2322.705572839483 43.4822099346401 14.97047696447869 126 30.588802521299144 2.176517859425448 28.304587680405938 0.8294850976150149 0.055660839766672215 0.011830748583764759 0.08655036481034495 2.284214840893206 9
2936.82272743716 2323.0128315976326 43.50816071167628 14.970483072966458 127 27.121305321675322 0.24825046814946225 25.36924053302053 0.15439387095944324 0.14710711710380786 0.033012621122594184 1.2924321765338602 1.752064788654792 1
3013.895454837755 2324.0206108393777 43.50705264810982 14.970497051239805 128 26.86006343275173 1.5305594306601975 24.50923780235938 0.5505821674319921 0.26914063627835105 0.2588922751968019 2.8537035400389783 2.3508256303923503 1
3045.03463881076 2323.0371994259604 43.50660496491915 14.970483383692068 129 26.4048481313188 0.20547956496677738 24.479505845751277 0.10907518063333531 0.11719817549197209 0.05286960195722606 2.9329295866815492 1.925342285567524 1
3048.685009087287 2324.4743168229797 43.50655248362358 14.970503342536924 130 27.536514533944597 0.7049289810889255 26.057183965249763 0.5640706678916158 0.1650958984987842 0.06396874336472608 0.6858519674982038 1.4793305686948344 1
2889.6303545659966 2325.987388325182 43.508839188980375 14.970524395040231 131 26.859766855028802 0.1878304744138594 25.502876315674825 0.16810258000173314 0.16735664772666264 0.031779993681956976 1.1427558380349012 1.3568905393539765 1
3001.7750712292 2327.8382995478946 43.507226900044216 14.970550077982478 132 24.79797622384892 0.3424306288588723 22.312797972920123 0.10934937587196053 0.10838661410591821 0.38672200009985364 21.576688202151786 2.485178250928797 1
3039.744190565681 2326.5972644614367 43.50668102381001 14.970532830639426 133 27.78173905997768 0.4941475650223222 25.68859706234648 0.22486712882745694 0.16663068328315106 0.035760369883224515 0.9630861779702826 2.0931419976312 1
3018.2175012598245 2327.501796285569 43.50699050966768 14.970545399832423 134 24.938107344009808 0.11358433573406987 23.606019029598485 0.1041174777792476 0.2660952672413889 0.11285684580537829 6.556866827877631 1.3320883144113225 1
3014.709673792053 2329.06492833453 43.50704094075316 14.970567110978653 135 27.45916776222544 1.2439936117408659 24.94511421829118 0.38565324618484814 0.24987232984263008 0.1211534191505044 1.9101096013638506 2.51405354393426 1
3043.751059405321 2330.216698515535 43.50662341649404 14.970583099346719 136 26.41632148089498 0.16265368653515047 24.639054905431173 0.09894369432287527 0.17218478379777546 0.04140620872773424 2.532106760457199 1.7772665754638055 1
3055.991830678126 2329.3348884846505 43.50644743292963 14.970570848200497 137 26.65796803972239 0.18736626387916694 24.55114900902769 0.08419605883084998 0.1284498737626512 0.03817405778776136 2.745644918979411 2.1068190306947017 1
2921.009772245775 2331.9832206680544 43.50838805041561 14.970607664869917 138 27.50790339346372 2.053421616424619 24.735027232287145 0.49924127602972657 0.18906919468065786 0.19133289008998317 2.3178913886899712 2.772876161176576 1
3028.906877002417 2332.0936950853093 43.506836828658344 14.97060917315206 139 28.869723319554275 2.2703296672968842 26.866832175887737 1.1216368484062649 0.15582432733573454 0.060342115799582256 0.32536520315579676 2.002891143666538 9
