UGC2369/hst/hst_10592_11_acs_wfc_f435w_j9cv11/hst_10592_11_acs_wfc_f435w_j9cv11_segment-cat.ecsv
# %ECSV 1.0
# ---
# datatype:
# - {name: X-Centroid, unit: pix, datatype: float64, format: 10.3f, description: Pixel Coordinate}
# - {name: Y-Centroid, unit: pix, datatype: float64, format: 10.3f, description: Pixel Coordinate}
# - {name: RA, unit: deg, datatype: float64, format: 13.7f, description: Sky coordinate at epoch of observation}
# - {name: DEC, unit: deg, datatype: float64, format: 13.7f, description: Sky coordinate at epoch of observation}
# - {name: ID, unit: '', datatype: int64, format: 7d, description: Catalog Object Identification Number}
# - {name: CI, unit: mag(AB), datatype: float64, format: 7.3f, description: Concentration Index}
# - {name: Flags, unit: '', datatype: int64, format: 5d, description: Numeric encoding for conditions on detected sources}
# - {name: MagAp1, unit: mag(AB), datatype: float64, format: 7.3f, description: ABMAG of source based on the inner (smaller) aperture}
# - {name: MagErrAp1, unit: mag(AB), datatype: float64, format: 7.3f, description: Error of MagAp1}
# - {name: FluxAp1, unit: electron / s, datatype: float64, format: 10.4f, description: Flux of source based on the inner (smaller) aperture}
# - {name: FluxErrAp1, unit: electron / s, datatype: float64, format: 10.4f, description: Error of FluxAp1}
# - {name: MagAp2, unit: mag(AB), datatype: float64, format: 7.3f, description: ABMAG of source based on the outer (larger) aperture}
# - {name: MagErrAp2, unit: mag(AB), datatype: float64, format: 7.3f, description: Error of MagAp2}
# - {name: FluxAp2, unit: electron / s, datatype: float64, format: 10.4f, description: Flux of source based on the outer (larger) aperture}
# - {name: FluxErrAp2, unit: electron / s, datatype: float64, format: 10.4f, description: Error of FluxAp2}
# - {name: MSkyAp2, unit: electron / (pix s), datatype: float64, format: 7.3f, description: Sky estimate from an annulus outside Aperture
#     2}
# - {name: Bck, unit: electron / s, datatype: float32, format: 10.4f, description: Background at the position of the source centroid}
# - {name: Area, unit: pix2, datatype: float64, format: 8.3f, description: Total unmasked area of the source segment}
# - {name: FWHM, unit: pix, datatype: float64, format: 8.3f, description: Circularized FWHM of 2D Gaussian function having the same second-order
#     central moments as the source}
# - {name: MagSegment, unit: mag(AB), datatype: float64, format: 7.3f, description: Magnitude corresponding to FluxSegment}
# - {name: FluxSegment, unit: electron / s, datatype: float64, format: 10.4f, description: Sum of unmasked data values in the source segment}
# - {name: FluxSegmentErr, unit: electron / s, datatype: float32, format: 10.4f, description: 'Uncertainty of FluxSegment, propagated
#     from the input error array'}
# - {name: KronRadius, unit: pix, datatype: float64, format: 8.4f, description: The unscaled first-moment Kron radius}
# - {name: Xmin, unit: pix, datatype: int64, format: 8.0f, description: Minimum X pixel within the minimal bounding box containing the
#     source segment}
# - {name: Ymin, unit: pix, datatype: int64, format: 8.0f, description: Minimum Y pixel within the minimal bounding box containing the
#     source segment}
# - {name: Xmax, unit: pix, datatype: int64, format: 8.0f, description: Maximum X pixel within the minimal bounding box containing the
[...]
# - h12: [RA and Dec values in this table are in sky coordinates (i.e. coordinates at the epoch of observation]
# - h12.1: [and an undistorted a posteriori solution aligned by visit to GAIAEDR3).]
# - h13: [Magnitude values in this table are in the ABMAG system.]
# - h14: ['Column titles in this table ending with Ap1 refer to the inner photometric aperture ']
# - h14.1: ['(radius = 1.000000000000064 pixels, 0.05 arcsec.']
# - h15: ['Column titles in this table ending with Ap2 refer to the outer photometric aperture ']
# - h15.1: ['(radius = 3.000000000000192 pixels, 0.15 arcsec.']
# - h16: [CI = Concentration Index (CI) = MagAp1 - MagAp2.]
# - h17: ['Flag Value Identification:']
# - h17.1: ['    0 - Stellar Source (0.9 < CI < 1.23)']
# - h17.2: ['    1 - Extended Source (CI > 1.23)']
# - h17.3: ['    2 - Questionable Photometry (Single-Pixel Saturation)']
# - h17.4: ['    4 - Questionable Photometry (Multi-Pixel Saturation)']
# - h17.5: ['    8 - Faint Detection Limit']
# - h17.6: ['   16 - Hot pixels (CI < 0.9)']
# - h17.7: ['   32 - False Detection Swarm Around Saturated Source']
# - h17.8: ['   64 - False Detections Near Image Edge']
# - h17.9: ['  128 - Bleeding and Cosmic Rays']
# - h18: ['#=================================================================================================']
# schema: astropy-2.0
X-Centroid Y-Centroid RA DEC ID CI Flags MagAp1 MagErrAp1 FluxAp1 FluxErrAp1 MagAp2 MagErrAp2 FluxAp2 FluxErrAp2 MSkyAp2 Bck Area FWHM MagSegment FluxSegment FluxSegmentErr KronRadius Xmin Ymin Xmax Ymax X2 Y2 XY CXX CYY CXY Elongation Ellipticity Theta
[from data line 59]
4481.2409990825045 1352.9406505163074 43.4859505462736 14.95701042623413 60 1.6657717531701195 9 31.795661541569345 6.185441628602798 0.003474076346561439 0.019792480846426676 30.129889788399225 4.165986578748542 0.01611194829717366 0.06182385591186874 0.05157664493234895 0.049531177 21.0 3.126355041884848 29.161805672505537 0.03929901868104935 0.4190091 3.5 4479 1351 4484 1355 1.9592129019250053 1.5660470003164637 -0.9906361647102395 0.7504324164705155 0.9388331717213382 0.9494038056027215 1.9192781994274182 0.47897079209343807 -39.38798756943812
4475.0887156047165 1380.674275387673 43.48603894540929 14.957395625205132 61 -9999.0 0 -9999.0 -14.122606036373048 -0.0014380755162328729 0.018706248472239714 -9999.0 -2.0771414096545127 -0.03054796919504854 0.05844381670432509 0.05405680624019239 0.049531177 25.0 3.3141266074227747 28.34175696505301 0.0836375281214714 0.44893602 3.5 4473 1379 4478 1383 2.3765680415326154 1.584868821398443 -0.6167930900113798 0.4680493367387929 0.7018568859045669 0.36430724459601055 1.4746761293624147 0.32188500234803685 -28.654095794749207
175.68463592248733 1391.3788495580975 43.54784708919041 14.957542832524528 62 0.3135700468583522 16 23.396348178747196 0.0025884356725546205 7.953617538046965 0.018962353653253033 23.082778131888844 0.006056124553123095 10.616777656567342 0.05922126539650561 0.04963186044930196 0.049531177 28.0 2.9320081604417694 23.079578809568048 10.648108091205359 3.2777011 3.5 173 1389 178 1394 1.5939575100746373 1.506636452506469 -0.017960749136551532 0.6274535794326073 0.6638192932979784 0.014959861506433253 1.0309306768787805 0.030002673867873808 -11.180463832548407
248.46566395434056 1399.1948569715557 43.54680080853705 14.957651551333765 63 1.41655604206629 9 29.099530854555674 0.39133349542547385 0.04161899924424148 0.015001297273979157 27.682974812489384 0.331530306924031 0.15343133008914522 0.04685192590606671 0.05096035210849488 0.049531177 166.0 5.597485964608196 26.771294658279267 0.35529255867004395 1.1051443 3.5 242 1393 255 1405 5.815208110023717 5.485367728240142 -0.24148398693822504 0.1722778365402991 0.1826370668038883 0.01516847762627226 1.0531656420606017 0.05048174754028134 -27.83454374239665
211.37431893272012 1413.0929453898673 43.5473340655163 14.957844497716343 64 1.6225641464639438 9 29.26915873914453 0.47014863898775455 0.03559921974147706 0.01541579138848802 27.646594592680586 0.3294318998978968 0.15865952065705113 0.04814175861374408 0.050684200568003865 0.049531177 17.0 2.544411858139312 27.722339158388543 0.14796817302703857 0.47539416 3.5 210 1411 213 1415 0.9360372336772177 1.3989761247447365 -0.11196590669064045 1.0786600616081172 0.7217178065351098 0.17265934660746507 1.250951460547295 0.2006084716008908 -77.09305813207357
2477.6857007213384 1420.7824680479991 43.51475356782105 14.957954069539415 65 1.9033600373535933 1 28.4569015225821 0.23065377142361684 0.07522173840052945 0.015980637059153376 26.553541485228507 0.12477679806839044 0.4341975622591767 0.04990124486303829 0.06593546808576908 0.049531177 65.0 6.32804731770845 24.99820033773308 1.8189628943800926 1.4152751 3.7295280337276 2475 1413 2480 1428 2.1942627912693817 12.248623214127129 -0.6981622837166549 0.46415169246315524 0.08314981777722921 0.05291259269487132 2.3937619310581977 0.5822475129939362 -86.04673838474504
188.5169224117002 1435.5075047891278 43.54766271600602 14.958155759452254 66 0.6872873919155964 16 24.629353515228075 0.009302831870822429 2.554833303952408 0.021891116040017523 23.94206612331248 0.015445152431873011 4.8114671564883755 0.06844786188902419 0.05242079358313467 0.049531177 16.0 2.443895367375923 23.961782229368417 4.7248832657933235 2.1843393 3.5 187 1434 190 1437 1.0621536150408764 1.0920153458198711 -0.04502729578258621 0.9431319757896683 0.9173415386333593 0.07777671366699097 1.0450573032107864 0.04311467234605648 -54.172653934122664
2474.631526090093 1442.537347482019 43.51479747934045 14.958256219986996 67 1.6953795105542966 9 29.072892082981788 0.44836811454296605 0.04265276026931225 0.017614569127755976 27.37751257242749 0.29375523231385875 0.2032820098621526 0.055001523470834264 0.06192004397764045 0.049531177 42.0 3.697409809287474 25.973331587927483 0.7409200370311737 0.92841154 3.5 2472 1439 2478 1446 2.225081827370297 2.705631187566702 0.17665639596906405 0.45176350376451163 0.37152541969313246 -0.05899319373027285 1.1292598347595562 0.1144642099017702 71.83783789483934
4503.564968850376 1453.3543766946475 43.48562944973712 14.95840502515565 68 1.9596682641229677 1 25.031634242601186 0.012513365296978428 1.7638038160993537 0.02032893199139336 23.071965978478218 0.006433686756390632 10.723031543592596 0.06354299164628412 0.055210204031835824 0.049531177 24.0 3.2394714038697296 23.05644984729213 10.877373367547989 3.3083723 3.5 4501 1451 4506 1456 1.814436265300623 1.9705372839000694 0.8379773817941568 0.6858317026257517 0.6315018362271915 -0.5833043192974174 1.6129817138082012 0.3800301693197562 47.66063250513577
222.8732743719527 1455.311722334884 43.5471688542056 14.95843089518237 69 1.109260940543443 8 29.589381504240627 0.5547981599215684 0.02650643819143131 0.013544923215143112 28.480120563697184 0.6235276289602198 0.07363016088895913 0.042286487647648696 0.05171285712850743 0.049531177 43.0 3.709386506033334 27.538550103829735 0.17526045441627502 0.6015267 3.5 220 1452 226 1459 2.4394807672712284 2.523227239427582 -0.7333721463309716 0.44917026014081773 0.43426219950459904 0.2611013012226691 1.3568524748349633 0.26300020190357687 -46.63393010965095
4529.04663215761 1470.759975284586 43.48526309473947 14.958646728013933 70 0.578423812183857 16 22.38383897843653 0.0010087295482577722 20.210096330129762 0.018777306199998022 21.805415166252672 0.0018504370021352125 34.43007021865695 0.058681657841684096 0.054200361447350784 0.049531177 41.0 3.3616450975004515 21.798001988548002 34.66595584526658 5.899711 3.5 4526 1468 4532 1474 2.0619923243368015 2.013858403505663 -0.017162556834230586 0.48500226027760235 0.49659446574670923 0.008266597931865209 1.0146115043242887 0.014401082840096113 -17.74665525453106
678.0937309971918 1476.4358326501488 43.54062462669021 14.958725208628028 71 1.914754722730514 1 26.781652545714223 0.08472371984892683 0.35191919589619514 0.027462377602071326 24.86689782298371 0.04541322520748061 2.0527915235774046 0.08586523327275299 0.07347681669304179 0.049531177 23.0 3.1509707781261427 24.700525140188333 2.392731234431267 1.5677543 3.6820101260537816 676 1474 680 1479 1.5941739856203156 1.9868175855292027 0.34741868436345935 0.6521354809610608 0.5232576087609002 -0.2280672895915369 1.2544236085274654 0.20282112581261647 59.73511444925607
209.6689671299949 1489.750421911762 43.547358759932635 14.958909180763216 72 0.8852702042646214 0 24.439363685886363 0.007210559503343455 3.043396245959253 0.020212388066446794 23.55409348162174 0.009964748510556943 6.878069854941791 0.06312815358067404 0.05161566726964753 0.049531177 22.0 2.8195405765882278 23.54468363739945 6.937939684838057 2.6468925 3.5 208 1487 212 1492 1.2570948624290625 1.6101926653819065 0.13775742827000337 0.8030133889823617 0.6269212544897862 -0.1374010225122382 1.1705675832095657 0.14571357148118547 71.01791302673684
199.51985838839707 1498.0009384360478 43.54750468350551 14.959023748412912 73 0.6719225083669684 16 24.656181653608236 0.009155889372097064 2.4924778841435073 0.021019482149411912 23.984259145241268 0.015402982269844621 4.628074238744943 0.06565915579157501 0.05147194652579751 0.049531177 16.0 2.4217210482814413 24.008147654984754 4.527358785271645 2.1383781 3.5 198 1496 201 1500 0.9185557849330754 1.1966994596138532 0.020236358506453975 1.0890712314551942 0.835943119904269 -0.03683269964190361 1.1430148652319392 0.1251207395302938 85.8604947402658
3120.515218813172 1508.7350927821667 43.505512208723935 14.959175579146816 74 2.6989933361993863 1 27.90620711831233 0.19975457381831063 0.12491687974583465 0.022983069058066095 25.207213782112945 0.05202897433065807 1.5004394080510737 0.071904138754902 0.05947579932233965 0.049531177 44.0 5.997467344724367 24.409638942538983 3.1278678625822067 1.8034548 3.5327595541503793 3117 1502 3123 1513 2.5159188611973895 10.457377272669085 -1.723779838407309 0.44807417615131084 0.1078012432372381 0.1477198748445759 2.238753205138364 0.5533228058792681 -78.26664377030383
270.9208442294747 1506.4741767548753 43.54647823653445 14.959141590864634 75 1.1432161390768414 8 30.156426958063207 0.9781197990960698 0.015722919530011564 0.014164961676244436 29.013210818986366 1.0657898064633826 0.04506295294411933 0.044236562491463065 0.052071007338594905 0.049531177 38.0 4.120413915934131 27.831980652183738 0.13375551998615265 0.5436834 3.5 269 1503 273 1511 1.4046194275109916 4.718831447997315 -0.35720985474988226 0.7259111439655189 0.21607656613660764 0.10990119785155399 1.865726789148217 0.4640158431468189 -83.91766022141782
187.66000784347187 1533.0282064260489 43.54767526382936 14.959510211320373 76 0.5911151276533957 16 24.406404369282065 0.0072484096405062886 3.137200150836049 0.020944746999647965 23.81528924162867 0.013127706614979638 5.407397280442605 0.06538337022040093 0.04871748489071459 0.049531177 17.0 2.4720064022920862 23.834626885954634 5.3119407296180725 2.3183758 3.5 186 1531 190 1535 1.0614941845125814 1.1425166750701428 -0.008910032652236992 0.9421299515737488 0.8753180469678985 0.014694592760595237 1.038375853709289 0.03695757520959564 -83.79793745073196
4515.594368475565 1549.1522912577693 43.48545635292401 14.95973553197547 77 1.4036904905010559 9 29.72114322324402 0.9242292340619406 0.023477220863718312 0.01998557046769585 28.317452732742964 0.7924325694301747 0.08553086847193336 0.062427416292537966 0.052934384068836535 0.049531177 32.0 3.422288954535259 27.571161786578728 0.17007452249526978 0.586082 3.5 4513 1546 4518 1552 1.5004761015989665 2.723757227487316 -0.1696005418653349 0.6711789748012795 0.36974220808734115 0.08358477522604175 1.3635393965180957 0.2666145161969078 -82.25097417757055
2466.8280035469384 1550.1944002619327 43.514909686915445 14.959751455065373 78 -9999.0 8 -9999.0 -2.843518987039058 -0.006045173456629888 0.015832702868077385 29.0293527032806 1.2089682095983376 0.044397947531410686 0.04943880182084416 0.05089592354587552 0.049531177 16.0 2.5205912527280723 28.70105760548948 0.06007322296500206 0.3724094 3.5 2465 1548 2468 1552 0.874441007579359 1.417056542117381 -0.18076952379772318 1.174562548574603 0.7248021712005039 0.2996706288927787 1.339931135258423 0.2536929893735642 -73.16244741761757
2302.1750439538255 1574.547169035429 43.5172767688686 14.960089640493983 79 2.1753018544025196 1 27.863216599702348 0.132767121765098 0.12996228396301632 0.015892712885500624 25.687914745299828 0.05594617120907997 0.9636916073918267 0.0496590730956034 0.056585565106266514 0.049531177 26.0 3.572536117819426 25.46318494721156 1.1853046715259552 1.1220165 3.5 2299 1573 2305 1577 3.3312527489295363 1.272031615155285 0.5227194658221979 0.3208779019439776 0.8403292655514122 -0.2637184854526241 1.7359522038183917 0.4239472735479669 13.458146812468529
682.0069869520596 1592.8300247401255 43.540568588939514 14.960341801426656 80 1.7310616880454788 1 26.457506117353887 0.06231437649349406 0.47435286501139173 0.02722575575305096 24.72644442930841 0.03951138467574779 2.336287058119269 0.08502342881672796 0.08231535047997493 0.049531177 36.0 3.9333032133242787 24.188170304846906 3.8356224596500397 1.9843268 3.7477276874840895 679 1590 685 1595 3.243494889298815 2.3364434707797956 -0.011127403502268166 0.30831444881552117 0.4280079323709747 0.002936719266231327 1.1782862039789652 0.1513097610554287 -0.7027444738294081
4537.188826313274 1602.1358754392102 43.48514581772158 14.96047137957416 81 -9999.0 0 32.4819004159597 11.368772139385166 0.0018464766010471978 0.0193351494317141 -9999.0 -18.503053456844015 -0.0035432825555892222 0.06038642952820323 0.05124863718642669 0.049531177 38.0 4.105094522971552 28.36282066157399 0.08203056640923023 0.53743184 3.5 4535 1598 4539 1606 1.342738733871413 4.735263714655334 -0.609338910976755 0.7909337874886992 0.22427841328072654 0.20355644870696032 1.9786451934200284 0.49460367966652463 -80.12023621316224
242.66813263370432 1629.0236768763637 43.5468846812105 14.960843604593846 82 0.5490751054514007 16 24.18882919544253 0.006074675785927376 3.833295477400527 0.02144793885683881 23.63975408999113 0.01143645736016239 6.356270031597571 0.06695515444970403 0.051723945423360645 0.049531177 20.0 2.6687110581108113 23.630854015451284 6.40858824364841 2.5466826 3.5 241 1627 245 1631 1.2717906451812124 1.2969346239346282 -0.27299391614451707 0.8235009354220852 0.8075355277280158 0.3466801505036843 1.2411999152953361 0.19432801462763893 -46.31836885997971
240.32848715528365 1641.8384395350827 43.54691834586125 14.961021582178413 83 0.4191243048475286 16 23.281767719066025 0.0027057631093714333 8.838872866804307 0.022028088911691272 22.862643414218496 0.005742494006618911 13.003091219970306 0.06877606465708618 0.047638980960253915 0.049531177 31.0 3.0399405191872013 22.866309485021795 12.959259336814284 3.62068 3.5 238 1639 243 1645 1.604532591159554 1.7285395973224071 0.09100560559912518 0.6251010899638416 0.5802557680310203 -0.06582169519397124 1.0684122929601991 0.06403173513724025 62.13359975822055
4557.079428004623 1644.3592545059569 43.484859793988285 14.961057782327117 84 0.72000541426533 16 24.088159005876804 0.005080312513452148 4.205720163235273 0.019679812815107455 23.368153591611474 0.008171800571308726 8.162863575765767 0.06143989429120188 0.05486944622614166 0.049531177 17.0 2.517407715579931 23.3772413466222 8.094824478030205 2.853587 3.5 4555 1643 4559 1646 1.3602790704607284 0.9254337565545488 -0.11603835488100042 0.743091527402028 1.0922573820140222 0.1863496284958751 1.2449344047998134 0.19674482756318323 -14.044408241299035
4572.407708517819 1659.0484021628868 43.48463940572253 14.961261772583065 85 -9999.0 0 -9999.0 -3.2151672103532567 -0.0063057107396300716 0.018673587923027528 -9999.0 -0.4753406899156304 -0.13357343739554595 0.05848106280372208 0.05560575441939987 0.049531177 106.0 5.7492269065051955 22.943559272322346 12.069249520078301 3.5501823 3.5 4568 1654 4579 1665 6.533247057991284 5.388322757737316 2.818847018244589 0.19768332902447516 0.23968757734650117 -0.20683210254142376 1.6926673005923891 0.4092164481171071 39.26013799207859
312.61454963409005 1672.25304227179 43.545879213849524 14.9614441650385 86 2.560785642159537 9 31.01694396606471 2.0490161605898565 0.007117482180427598 0.013432657281391246 28.45615832390517 0.6049323832286763 0.07527324615561248 0.04194088992380349 0.04656428720407928 0.049531177 24.0 3.041441321430063 -9999.0 -0.0030421391129493713 0.34424663 3.5 311 1670 315 1675 1.1579898757432847 2.178374164657745 0.12986844954816362 0.8693781200459885 0.46214790715907916 -0.10365968377081713 1.3864433377475376 0.27872999005885557 82.85938050660239
4566.02149997986 1687.6201114699015 43.484731165766064 14.961658612524873 87 -9999.0 0 -9999.0 -1.0798065266189405 -0.01948795487493768 0.019382168982603944 -9999.0 -1.016522326962836 -0.06462789840373917 0.06050999509264686 0.05614338637100727 0.049531177 25.0 2.798337842678 28.063440610847124 0.10807561874389648 0.5089842 3.5 4564 1685 4568 1690 1.2889731944787617 1.5353529015452778 0.03833963109562419 0.7763879871644207 0.6518001841550871 -0.038774706433940105 1.095945559754431 0.08754591767854736 81.35630394911745
