UGC2369/hst/hst_10592_11_acs_wfc_f435w_j9cv11/hst_10592_11_acs_wfc_f435w_j9cv11_point-cat.ecsv
# %ECSV 1.0
# ---
# datatype:
# - {name: X-Center, unit: pix, datatype: float64, format: 10.3f, description: Pixel Coordinate}
# - {name: Y-Center, unit: pix, datatype: float64, format: 10.3f, description: Pixel Coordinate}
# - {name: RA, unit: deg, datatype: float64, format: 13.7f, description: Sky coordinate at epoch of observation}
# - {name: DEC, unit: deg, datatype: float64, format: 13.7f, description: Sky coordinate at epoch of observation}
# - {name: ID, unit: '', datatype: int64, format: 7d, description: Catalog Object Identification Number}
# - {name: MagAp1, unit: mag(AB), datatype: float64, format: 7.3f, description: ABMAG of source based on the inner (smaller) aperture}
# - {name: MagErrAp1, unit: mag(AB), datatype: float64, format: 7.3f, description: Error of MagAp1}
# - {name: MagAp2, unit: mag(AB), datatype: float64, format: 7.3f, description: ABMAG of source based on the outer (larger) aperture}
# - {name: MagErrAp2, unit: mag(AB), datatype: float64, format: 7.3f, description: Error of MagAp2}
# - {name: MSkyAp2, unit: electron / (pix s), datatype: float64, format: 7.3f, description: Sky estimate from an annulus outside Aperture
#     2}
# - {name: StdevAp2, unit: electron / (pix s), datatype: float64, format: 7.3f, description: Standard deviation of sky estimate from annulus
#     outside Aperture 2}
# - {name: FluxAp2, unit: electron / s, datatype: float64, format: 10.4f, description: Flux of source based on the outer (larger) aperture}
# - {name: CI, unit: mag(AB), datatype: float64, format: 7.3f, description: Concentration Index}
# - {name: Flags, unit: '', datatype: int64, format: 5d, description: Numeric encoding for conditions on detected sources}
# meta: !!omap
# - h00: [' #==================================================================================================']
# - h01: [' # All refereed publications based on data obtained from the HAP must carry the following footnote: ']
# - h02: [' #                                                                                                  ']
# - h03: [' #     Based on observations made with the NASA/ESA Hubble Space Telescope                          ']
# - h04: [' #     and obtained from the Hubble Advanced Products collection generated                          ']
# - h05: [' #     by the Space Telescope Science Institute (STScI/NASA).                                       ']
# - h06: [' #                                                                                                  ']
# - h07: [' # One copy of each paper resulting from data obtained from the HAP should be sent to the STScI.    ']
# - h08: [' #==================================================================================================']
# - {WCSNAME: IDC_4bb1536oj-FIT_SVM_GAIAeDR3}
# - {WCSTYPE: undistorted a posteriori solution aligned by visit to GAIAEDR3}
# - {Proposal ID: 10592}
# - {Image File Name: HST_10592_11_ACS_WFC_F435W_J9CV11_DRC.FITS}
# - {Target Name: UGC02369}
# - {Date Observed: '2006-07-22'}
# - {Time Observed: '15:35:18'}
# - {Instrument: ACS}
# - {Detector: WFC}
# - {Target RA: 43.5075}
# - {Target DEC: 14.97361111111}
# - {Orientation: 0.0}
# - {Aperture RA: 43.5075}
# - {Aperture DEC: 14.97361111111}
# - {Aperture PA: 72.774948}
# - {Aper1 (arcsec): 0.05}
# - {Aper2 (arcsec): 0.15}
[...]
# - h10.4: ['the selected aperture. For details, see Whitmore et al., 2016 AJ, 151, 134W.']
# - h10.5: [' ']
# - h11: ['The X and Y coordinates in this table are 0-indexed (i.e. the origin is (0,0)).']
# - h12: [RA and Dec values in this table are in sky coordinates (i.e. coordinates at the epoch of observation]
# - h12.1: [and an undistorted a posteriori solution aligned by visit to GAIAEDR3).]
# - h13: [Magnitude values in this table are in the ABMAG system.]
# - h14: ['Column titles in this table ending with Ap1 refer to the inner photometric aperture ']
# - h14.1: ['(radius = 1.000000000000064 pixels, 0.05 arcsec.']
# - h15: ['Column titles in this table ending with Ap2 refer to the outer photometric aperture ']
# - h15.1: ['(radius = 3.000000000000192 pixels, 0.15 arcsec.']
# - h16: [CI = Concentration Index (CI) = MagAp1 - MagAp2.]
# - h17: ['Flag Value Identification:']
# - h17.1: ['    0 - Stellar Source (0.9 < CI < 1.23)']
# - h17.2: ['    1 - Extended Source (CI > 1.23)']
# - h17.3: ['    2 - Questionable Photometry (Single-Pixel Saturation)']
# - h17.4: ['    4 - Questionable Photometry (Multi-Pixel Saturation)']
# - h17.5: ['    8 - Faint Detection Limit']
# - h17.6: ['   16 - Hot pixels (CI < 0.9)']
# - h17.7: ['   32 - False Detection Swarm Around Saturated Source']
# - h17.8: ['   64 - False Detections Near Image Edge']
# - h17.9: ['  128 - Bleeding and Cosmic Rays']
# - h18: ['#=================================================================================================']
# schema: astropy-2.0
X-Center Y-Center RA DEC ID MagAp1 MagErrAp1 MagAp2 MagErrAp2 MSkyAp2 StdevAp2 FluxAp2 CI Flags
4160.6195327295445 99.8336013537325 43.49056937891204 14.939604662297878 1 24.460240763783055 0.007341579546912905 23.719052666586386 0.011587135529826353 0.05582865824725851 0.0112797687103047 5.908577118527253 0.7411880971966696 16
4134.417809030315 109.37519383673862 43.490946010206 14.939737218275962 2 31.403659730403128 3.893279634019678 -9999.0 -0.8914205315880397 0.054348760863413684 0.009976005353555382 -0.06797128188978419 -9999.0 0
4172.745056295794 251.1929931194603 43.49039487035713 14.941706859258614 3 24.051737957606434 0.00446949831730506 23.37190264445742 0.007459713853789683 0.05387779124557772 0.009992731349893362 8.134725772701094 0.6798353131490131 16
4186.208094930838 260.92195770118906 43.49020132683533 14.941841965893433 4 -9999.0 -1.9319641937957353 -9999.0 -27.514312611043227 0.05247315018062006 0.010801311494200758 -0.0023865215829939057 -9999.0 0
4192.09877751728 307.4788242851419 43.49011658422999 14.942488580932796 5 24.003648349432154 0.004875671845041228 23.3992613864893 0.008725206162193511 0.05610436326949983 0.011409005930652387 7.932305286785595 0.6043869629428542 16
4210.94856952962 345.9622139977972 43.489845565029235 14.94302304692501 6 23.631094353729054 0.0035156827698612724 22.945322826966724 0.005836412379377267 0.05825879399724279 0.011596083254859741 12.049661424979185 0.6857715267623306 16
4227.13116689224 363.4772511003731 43.48961291523471 14.94326628924085 7 30.69822727240586 2.335022379652562 28.50901928188712 0.971639628082937 0.051915337843981585 0.01147197687530068 0.07169622049068747 2.1892079905187387 9
4221.875474777693 372.3627021933915 43.48968845338929 14.94338970540577 8 23.584198741517362 0.0031593283637625213 22.716747083428928 0.004447965763170369 0.05828372469480089 0.010870622476215744 14.87322478174147 0.8674516580884344 0
4207.576091545605 392.99961772199646 43.48989397862349 14.943676348504416 9 29.32941263677582 0.570810399288771 29.070878317433092 1.4052466992345845 0.05459616510580255 0.009879929506710114 0.04273194374190781 0.2585343193427292 8
4228.239165506713 400.79534061031006 43.489596934800915 14.943784594328603 10 21.746696356915372 0.0005967144081954677 21.179902351384143 0.0011057345088936114 0.05343905168579144 0.01115994310145675 61.25521018224403 0.5667940055312286 16
4216.479287177129 426.61371837167405 43.48976594741663 14.944143198795345 11 29.06935713983421 0.4810904011499634 31.26275786744074 11.327031864861809 0.05346325908677052 0.01058892917401491 0.0056754568739803 -2.19340072760653 8
2689.578335149917 580.9321386220394 43.51171528064028 14.946287534003718 12 32.63146268193964 8.332746644642905 30.06695530161325 2.4519558325605644 0.05258855351672549 0.006848326350125935 0.01707347229968903 2.56450738032639 9
3824.6696823799984 633.8594621035758 43.49539802741075 14.947022073707448 13 -9999.0 -4.51046348257644 -9999.0 -0.5757166401950801 0.05525034701661445 0.006120537310735113 -0.06514385262606948 -9999.0 0
3658.1893295779996 652.1222189539506 43.4977912125214 14.947275877908321 14 -9999.0 -2.633432660268055 -9999.0 -0.5745056864821579 0.053030223466905974 0.006385480919950248 -0.06798402275466375 -9999.0 0
4299.357797733852 677.52152338386 43.48857418942787 14.94762791267965 15 24.627409102884585 0.007596935900133685 24.019247005657597 0.013558933271988826 0.05256182706840723 0.00999387175853041 4.481311907642679 0.6081620972269874 16
2876.6266374798734 741.6547024384225 43.50902639289428 14.948519778415166 16 33.18644849978123 14.755643480361657 29.01507766969656 0.9882553040583734 0.0534007786534752 0.007283864660996989 0.04498553678867734 4.171370830084669 9
4345.775191709661 756.4108481241067 43.48790680414178 14.948723529981313 17 29.086983621148597 0.47614629464685887 27.424240371502414 0.32169785282655244 0.05170280379724913 0.010307604584280356 0.19471877394038306 1.6627432496461836 1
4321.354499384123 816.2479225582221 43.48825777106979 14.949554635937396 18 29.728346384964915 0.770578929298529 28.573935637228253 0.8316309739649232 0.051625563543186426 0.009228163196240553 0.0675351268674409 1.1544107477366623 8
2257.2117682227345 873.5753139007834 43.517930771709146 14.950351931074897 19 32.68825799516708 10.812351135470559 27.978180364637254 0.4409995688008034 0.05191122473506797 0.008467722194826855 0.11690466159416113 4.710077630529824 1
3806.255392120514 905.1795749323801 43.495662459831976 14.950790426023016 20 37.14768754308992 502.77205043454 28.137172924442865 0.3904682599561945 0.05354687673588322 0.006442133453348658 0.1009798695114954 9.010514618647058 1
4381.351345748587 943.5503045388837 43.48739509090518 14.951322635371382 21 24.031196171396317 0.004970835979869472 23.497878179706476 0.009498444822140047 0.05380519233265166 0.011339483505619832 7.243570694885549 0.5333179916898416 16
4418.257055270852 1069.530876295403 43.48686434949057 14.953072308903554 22 22.96968695622965 0.0018250192125439904 22.396436757345867 0.0033667536107472302 0.05323237445297595 0.011062264518359111 19.976954110839188 0.5732501988837839 16
2287.7508917660916 1074.5898230684002 43.51749183491641 14.953143810686635 23 30.09971165861849 1.103820791570907 28.186516150611084 0.5918581516844067 0.04977618928350279 0.009392638352813806 0.09649337898171328 1.913195508007405 1
4438.168885221503 1138.1872851639046 43.48657799253907 14.954025839084286 24 31.87755900245061 6.899861704488358 -9999.0 -7.058006802437994 0.05475805304332139 0.0114411279236667 -0.009839243610818338 -9999.0 0
1143.6684280250252 1167.7078179174111 43.533938943650696 14.954436096719947 25 30.869956544175565 1.7098818387547603 29.5350318622392 1.5609321299988328 0.050816754816847595 0.0071247950455892725 0.027867064964290256 1.3349246819363643 9
2352.8322431605848 1171.6184097422931 43.51655627760341 14.954491452348538 26 31.385054218466493 3.029545203162072 28.026426227301883 0.42892238479696265 0.051870616380961576 0.00787026393604212 0.1118236037018081 3.35862799116461 1
2382.1903217891136 1190.8546865005226 43.51613423814267 14.954758631771018 27 -9999.0 -0.5479708208570547 -9999.0 -0.901871706866696 0.054408733056832664 0.0090904216916221 -0.061319776072708 -9999.0 0
4444.76376995977 1208.0100773334493 43.48648307302368 14.954995589578296 28 29.46050178366145 0.6570102603394683 29.78308415220465 2.7613231627686288 0.05323838376897877 0.0100813532721685 0.02217534136543553 -0.3225823685432019 8
2315.262628416046 1219.3457713655607 43.51709638751186 14.955154319703277 29 30.75389950310973 1.618188187892072 28.637619879818544 0.7192586171769438 0.053181423423653965 0.007511644199526977 0.06368776713859425 2.1162796232911845 1
2346.5400067141472 1246.5765824450816 43.51664675855189 14.955532535928144 30 -9999.0 -8.989265113535156 -9999.0 -1.9708786555756346 0.05321771873518674 0.008476687500020012 -0.02617033551913961 -9999.0 0
4451.925052521012 1279.6958632961785 43.486380007153166 14.955991214062772 31 -9999.0 -0.8574530093217283 -9999.0 -0.8805824855903182 0.05445053485431234 0.01020673500061969 -0.07040383305245812 -9999.0 0
600.4103153694472 1336.3557358063558 43.541749030106324 14.956777532167866 32 26.282426307144682 0.05624088705136971 24.614597157892725 0.03783462184312584 0.06788187724083766 0.016166947142974272 2.5897933524428014 1.6678291492519577 1
2362.305630765985 1366.7240218887957 43.516420152846266 14.957201255168492 33 -9999.0 -1.1927636878126229 -9999.0 -3.7283218045956183 0.051430344923722504 0.010195166153613423 -0.01660983232615476 -9999.0 0
248.2207099593997 1398.8546727175667 43.546812225971 14.957644849829723 34 29.431591880581415 0.5248830495253203 27.768597832067343 0.35427776374924874 0.050436107644519834 0.008249060152371446 0.14179628154961255 1.6629940485140722 1
211.40719821516828 1412.5299701874699 43.5473414883084 14.957834702456356 35 29.76607041955654 0.7361363219810139 28.01931355513686 0.45987397054074886 0.05131762673625269 0.008506143972190296 0.11255856634771799 1.7467568644196803 1
2453.815258640368 1437.0987506163385 43.51510463051231 14.95817870641978 36 -9999.0 -3.862694050824339 28.026075629240744 0.48048584897332336 0.0552717680614945 0.008836768939474613 0.11185971879963486 -9999.0 0
2474.459807991797 1442.1517682315502 43.514807844999744 14.95824889171278 37 29.16647156319535 0.4980278064229335 27.573283783491796 0.35849930200298824 0.06303914376234604 0.010018032889033255 0.169742448124917 1.5931877797035554 1
4529.2190202890515 1470.6147625166593 43.485268514156004 14.958642740879977 38 22.279497029456365 0.0009369703112316177 21.804733964705576 0.00189077160977859 0.053970581113264485 0.010722826482903763 34.451678760504656 0.474763064750789 16
4500.932459303536 1480.2760356396943 43.48567514717068 14.958776971223976 39 24.640040581203827 0.007582922824197752 23.996367674950363 0.013093058007295273 0.05117339973835504 0.00985909481153099 4.576746993839204 0.6436729062534639 16
271.435233181018 1504.6090978756756 43.5464787343225 14.959113711974878 40 29.19270779962517 0.39357763516528116 28.590913836411303 0.7057334334577119 0.05030923463857255 0.0076988000727542995 0.06648726072177213 0.6017939632138649 0
4515.626678432133 1548.2002859302245 43.485463787583825 14.959720339601908 41 29.478825817166864 0.7415491166351564 28.369852262234957 0.8339758839922282 0.05180246012956918 0.011199462516033709 0.08150102487731603 1.1089735549319073 8
2402.808699214302 1573.7547902665726 43.515837940874746 14.960076694055356 42 30.347037521270245 1.1901305689659398 -9999.0 -5.8740677137922725 0.05224724864050494 0.00804612971810306 -0.008343608687690907 -9999.0 0
2493.7421246606896 1578.1200239009113 43.51453066875155 14.960137343413448 43 -9999.0 -10.085632134709584 -9999.0 -1.4324295411945969 0.05638281281476151 0.009354693027774206 -0.039716305262994966 -9999.0 0
4537.259699924679 1601.9026248006348 43.48515269685644 14.960466169869857 44 32.320583799936 9.683275667966958 -9999.0 -11.448182132952887 0.051632880668693024 0.010670235625518021 -0.005659796769415415 -9999.0 0
4571.611120398545 1658.0827285167459 43.484658757054405 14.961246391843279 45 -9999.0 -10.227459887187134 -9999.0 -0.39213846250264206 0.05565560125350523 0.01037636960930415 -0.16110165308730773 -9999.0 0
4577.8479523346205 1669.4398413963972 43.48456907511212 14.961404119012125 46 24.78726829301813 0.009782679193736859 24.270406375660755 0.019019757155390036 0.053681825464558006 0.011116991407504207 3.5558335614048575 0.5168619173573745 16
312.58593413984096 1671.3346959607927 43.54588752035788 14.961429434079992 47 30.387474222803093 1.1600468701263877 27.948630234889528 0.3831958786606176 0.04621048843799598 0.007547023673028681 0.12013011172320875 2.4388439879135646 1
4569.662726050942 1696.6413773307452 43.48468670065404 14.961781931811004 48 32.70330533820849 14.26305459967391 28.658189109210333 1.0735487119241767 0.05250305893478133 0.011051432868616182 0.06249256221538935 4.045116228998154 9
1837.4692856863073 1712.143119089035 43.523965459654896 14.96199845584064 49 25.577544525631716 0.013402572250613606 24.31781577839204 0.013113021512890642 0.05326712154308144 0.0073147388124111526 3.403906824407582 1.2597287472396772 1
2515.147054092499 1755.333499394676 43.514222979682685 14.962598645426276 50 30.617398236032905 1.632192568949089 29.428172026061034 1.7044414596584798 0.05325279880289724 0.008611518089821335 0.030749295106587526 1.1892262099718707 8
310.3775813217639 1759.1807051615183 43.545919464361525 14.96264951249759 51 31.11182414848806 2.377429418872106 27.68034872339092 0.3148801773474527 0.053528184589651445 0.00794437332455189 0.1538028862873395 3.4314754250971404 1
4602.288902240083 1794.537015353356 43.48421748506726 14.963141538055941 52 30.468581400071677 1.8979269161307146 28.72456958555118 1.1899127460027987 0.05389960904059739 0.011521491203485976 0.05878630190652778 1.7440118145204977 9
4622.433599769507 1830.198256909026 43.48392781401008 14.963636798451729 53 23.6217451292775 0.0034389521103500667 23.09900111242542 0.006639980585806196 0.051697304446635575 0.011438351444702823 10.459321918039233 0.52274401685208 16
1314.9028620301838 1838.6590343337132 43.53147818630617 14.963755089741143 54 25.648550853163982 0.013943522837226406 24.40190944914515 0.013807138823774783 0.05280708413900567 0.007124270103125547 3.150215001260664 1.2466414040188312 0
3190.4247337079723 1908.7095795665357 43.50451489982704 14.964728779729475 55 26.275888795032166 0.13508265327952704 24.22898088352352 0.0640668862105489 0.06505847422234434 0.03913715212944877 3.6941252953684036 2.0469079115086473 1
641.4833845487042 2007.4428821563283 43.54115985822117 14.966098262206591 56 23.8560437803227 0.0027573521771045097 22.409415028309006 0.002273574405143145 0.05682717606268979 0.007346467099715185 19.739582530811543 1.4466287520136945 1
4643.622644394781 2018.6426595822882 43.48362285175326 14.966254044694512 57 29.394477208304167 0.7056858089801452 28.602960838430192 1.0636220220600807 0.054756002430244005 0.011520996469601615 0.06575361577431393 0.7915163698739747 8
4647.70927663037 2027.4231320967247 43.483564084126385 14.96637598855179 58 -9999.0 -1.0191565404735403 27.31604592082219 0.30278010641518915 0.05343165248632431 0.010718611079244171 0.2151223862199556 -9999.0 0
2616.193260412552 2076.373273408981 43.512770333686795 14.967057543823064 59 -9999.0 -0.5216732890211284 -9999.0 -0.3289700711754995 0.053524247769798555 0.008468161231605138 -0.15670097973738195 -9999.0 0
4688.171641703515 2115.2745261853197 43.48298221164922 14.967596075195685 60 20.883412197548253 0.0002861971825567991 20.376342727894738 0.0005607175596302386 0.05593271275086387 0.011859213995430546 128.40054992586724 0.5070694696535156 16
4659.6000561473975 2125.2106486167972 43.48339295741538 14.967734127473884 61 29.783825718477217 0.8754087617169217 28.5031032532127 0.8407311466197797 0.056434966598179745 0.009971132093742766 0.07208794969960564 1.2807224652645175 9
2565.5048044725136 2158.844546966826 43.513499073352335 14.968202972884502 62 30.05078853417119 0.9056945068100206 27.803456612240026 0.35691953081912997 0.05174120380813352 0.008043705777008022 0.1373160588250839 2.2473319219311634 1
4677.624357062543 2163.2951472610534 43.483133758095185 14.968263046937258 63 -9999.0 -1.4249853150570844 30.333843078656557 5.073464161891036 0.056617758011146616 0.011160278983306125 0.013352627803396633 -9999.0 8
915.3367697953472 2175.767177096467 43.53722307082878 14.968436574540648 64 25.455248255943992 0.01060797940000358 24.350166219127637 0.011961905356592233 0.0498588777877189 0.0064614707406934835 3.3039805899118404 1.1050820368163556 0
2574.4736912554263 2191.6305188892597 43.51337013438951 14.968658334700422 65 -9999.0 -1.9755511806215151 30.6551085255645 5.138404034951095 0.05217195373937436 0.008378969638323729 0.009932545534631299 -9999.0 8
4702.747583799562 2204.457560689342 43.48277249238484 14.968834702183463 66 29.378263593569983 0.7909245437382062 27.88327634228135 0.6234238786049353 0.05482434240632317 0.013120109941412791 0.12758318449953499 1.4949872512886344 1
2685.9889284301125 2225.2679810106006 43.511766910500896 14.969125529316578 67 -9999.0 -1.6789490747192246 -9999.0 -0.7571386663419322 0.055899966407466584 0.00876896496313045 -0.07044944871081915 -9999.0 0
3026.050271025973 2227.5064710179568 43.50687792884861 14.969156573660847 68 26.255936581503434 0.05294347341986429 25.135052171163544 0.05893369315362972 0.1469870040128971 0.015592759087666493 1.6035522166197538 1.1208844103398903 0
3010.075247610577 2232.8309541766193 43.507107596483344 14.969230529296318 69 27.823096221325947 0.40595305161647827 25.96752660742665 0.22948377766560396 0.15146837078484915 0.028279806355057828 0.7448920375672055 1.8555696138992985 1
3010.18627390517 2246.546456639298 43.50710599640026 14.969421022353142 70 28.3576183633933 0.5510300151676311 26.601326565646794 0.3415789862789291 0.18521846320531138 0.023452178625572345 0.4155022201347691 1.7562917977465062 1
