UGC2369/hst/hst_10592_11_acs_wfc_f435w_j9cv11/hst_10592_11_acs_wfc_f435w_j9cv11_point-cat.ecsv
# %ECSV 1.0
# ---
# datatype:
# - {name: X-Center, unit: pix, datatype: float64, format: 10.3f, description: Pixel Coordinate}
# - {name: Y-Center, unit: pix, datatype: float64, format: 10.3f, description: Pixel Coordinate}
# - {name: RA, unit: deg, datatype: float64, format: 13.7f, description: Sky coordinate at epoch of observation}
# - {name: DEC, unit: deg, datatype: float64, format: 13.7f, description: Sky coordinate at epoch of observation}
# - {name: ID, unit: '', datatype: int64, format: 7d, description: Catalog Object Identification Number}
# - {name: MagAp1, unit: mag(AB), datatype: float64, format: 7.3f, description: ABMAG of source based on the inner (smaller) aperture}
# - {name: MagErrAp1, unit: mag(AB), datatype: float64, format: 7.3f, description: Error of MagAp1}
# - {name: MagAp2, unit: mag(AB), datatype: float64, format: 7.3f, description: ABMAG of source based on the outer (larger) aperture}
# - {name: MagErrAp2, unit: mag(AB), datatype: float64, format: 7.3f, description: Error of MagAp2}
# - {name: MSkyAp2, unit: electron / (pix s), datatype: float64, format: 7.3f, description: Sky estimate from an annulus outside Aperture
#     2}
# - {name: StdevAp2, unit: electron / (pix s), datatype: float64, format: 7.3f, description: Standard deviation of sky estimate from annulus
#     outside Aperture 2}
# - {name: FluxAp2, unit: electron / s, datatype: float64, format: 10.4f, description: Flux of source based on the outer (larger) aperture}
# - {name: CI, unit: mag(AB), datatype: float64, format: 7.3f, description: Concentration Index}
# - {name: Flags, unit: '', datatype: int64, format: 5d, description: Numeric encoding for conditions on detected sources}
# meta: !!omap
# - h00: [' #==================================================================================================']
# - h01: [' # All refereed publications based on data obtained from the HAP must carry the following footnote: ']
# - h02: [' #                                                                                                  ']
# - h03: [' #     Based on observations made with the NASA/ESA Hubble Space Telescope                          ']
# - h04: [' #     and obtained from the Hubble Advanced Products collection generated                          ']
# - h05: [' #     by the Space Telescope Science Institute (STScI/NASA).                                       ']
# - h06: [' #                                                                                                  ']
# - h07: [' # One copy of each paper resulting from data obtained from the HAP should be sent to the STScI.    ']
# - h08: [' #==================================================================================================']
# - {WCSNAME: IDC_4bb1536oj-FIT_SVM_GAIAeDR3}
# - {WCSTYPE: undistorted a posteriori solution aligned by visit to GAIAEDR3}
# - {Proposal ID: 10592}
# - {Image File Name: HST_10592_11_ACS_WFC_F435W_J9CV11_DRC.FITS}
# - {Target Name: UGC02369}
# - {Date Observed: '2006-07-22'}
# - {Time Observed: '15:35:18'}
# - {Instrument: ACS}
# - {Detector: WFC}
# - {Target RA: 43.5075}
# - {Target DEC: 14.97361111111}
# - {Orientation: 0.0}
# - {Aperture RA: 43.5075}
# - {Aperture DEC: 14.97361111111}
# - {Aperture PA: 72.774948}
# - {Aper1 (arcsec): 0.05}
# - {Aper2 (arcsec): 0.15}
[...]
# - h10.4: ['the selected aperture. For details, see Whitmore et al., 2016 AJ, 151, 134W.']
# - h10.5: [' ']
# - h11: ['The X and Y coordinates in this table are 0-indexed (i.e. the origin is (0,0)).']
# - h12: [RA and Dec values in this table are in sky coordinates (i.e. coordinates at the epoch of observation]
# - h12.1: [and an undistorted a posteriori solution aligned by visit to GAIAEDR3).]
# - h13: [Magnitude values in this table are in the ABMAG system.]
# - h14: ['Column titles in this table ending with Ap1 refer to the inner photometric aperture ']
# - h14.1: ['(radius = 1.000000000000064 pixels, 0.05 arcsec.']
# - h15: ['Column titles in this table ending with Ap2 refer to the outer photometric aperture ']
# - h15.1: ['(radius = 3.000000000000192 pixels, 0.15 arcsec.']
# - h16: [CI = Concentration Index (CI) = MagAp1 - MagAp2.]
# - h17: ['Flag Value Identification:']
# - h17.1: ['    0 - Stellar Source (0.9 < CI < 1.23)']
# - h17.2: ['    1 - Extended Source (CI > 1.23)']
# - h17.3: ['    2 - Questionable Photometry (Single-Pixel Saturation)']
# - h17.4: ['    4 - Questionable Photometry (Multi-Pixel Saturation)']
# - h17.5: ['    8 - Faint Detection Limit']
# - h17.6: ['   16 - Hot pixels (CI < 0.9)']
# - h17.7: ['   32 - False Detection Swarm Around Saturated Source']
# - h17.8: ['   64 - False Detections Near Image Edge']
# - h17.9: ['  128 - Bleeding and Cosmic Rays']
# - h18: ['#=================================================================================================']
# schema: astropy-2.0
X-Center Y-Center RA DEC ID MagAp1 MagErrAp1 MagAp2 MagErrAp2 MSkyAp2 StdevAp2 FluxAp2 CI Flags
[from data line 280]
2890.245787006462 2733.639647126175 43.50883027114079 14.976186231849669 281 28.70688995679332 0.6241038275560798 26.426787599619935 0.23886236912880068 0.09415824318240429 0.01924540835804013 0.48796529479160844 2.2801023571733836 1
2825.088359852369 2735.1701926695855 43.509767054672565 14.976207498302061 282 -9999.0 -1.9914987923168546 -9999.0 -0.9083222412639943 0.1559621242648464 0.03091502758746401 -0.20579937694444705 -9999.0 0
3011.1304395667507 2733.8316039634765 43.50709228392336 14.976188871323215 283 27.891628232822796 1.6352998006623125 25.624908341192075 0.6332087813951023 0.2612274743213847 0.10701670754896751 1.0212701501297072 2.2667198916307214 1
2985.8796884004246 2736.754187309927 43.50745531917132 14.976229469400858 284 26.673873204128228 0.3172365676666588 24.42995664076723 0.12544435835077533 0.303326425620833 0.06372369364384496 3.0698794285657627 2.2439165633609974 1
3089.4726531896567 2741.611687393887 43.505965936651414 14.976296903773962 285 28.815147709309826 0.4945118842724746 27.133761063097666 0.3282183876960282 0.09868753912883835 0.01378391062927231 0.25444829768445 1.681386646212161 1
2832.3893294908567 2742.4876457077485 43.509662086039974 14.976309128789897 286 26.73991506076709 0.130119762687683 25.187012162101873 0.09722774178878398 0.15293289343448907 0.02457553506994594 1.528618495745122 1.5529028986652165 1
3036.1178062891813 2741.9878206969 43.5067330321478 14.976302144972385 287 -9999.0 -1.9332423497220346 -9999.0 -0.9994632315821198 0.2306217604269416 0.12570573388219738 -0.7601215468578939 -9999.0 0
2812.193601222808 2744.288745290625 43.5099524447787 14.976334146169405 288 27.529639943748236 0.20136944721011618 25.725752669632676 0.11940493661347869 0.14355026356674527 0.01836313042984807 0.9306854129599831 1.80388727411556 1
3082.013148180116 2744.152914302838 43.50607318287948 14.976332201140346 289 28.775648160519594 0.552757285668314 26.61384423266943 0.23571047873457257 0.10712326886887485 0.015990280109148672 0.4107393219755182 2.1618039278501655 1
2828.182158139298 2745.5919358631745 43.50972257321735 14.976352244400239 290 29.693073957325794 1.7509725768445794 26.73037068175516 0.3576331981342496 0.14405501165933776 0.021776001162512826 0.3689399650010792 2.9627032755706324 1
2849.526346394783 2746.853783804968 43.50941570238135 14.97636976752029 291 28.732034281691185 0.9132299619445479 26.155350897909038 0.26581383166702727 0.1610378245681019 0.027540135449074632 0.6265613705464776 2.5766833837821466 1
2857.7638716423794 2746.748911388665 43.5092972694509 14.976368309866713 292 30.429240337381202 6.107906475371635 -9999.0 -6.736226354684736 0.17844912944824104 0.03859895841735034 -0.034625684158881676 -9999.0 0
2971.83412752316 2746.7881647944755 43.50765725307095 14.976368833645136 293 26.618334251495746 0.4326590038949172 24.329572450882843 0.1641639991520472 0.21717141004833018 0.0914765422952239 3.367247154433481 2.288761800612903 1
2904.0597524210366 2748.8637251550826 43.50863166169647 14.976397675004598 294 -9999.0 -1.1709045368777076 -9999.0 -0.6373548211105516 0.1443336834341793 0.019756885068351628 -0.18758136083151733 -9999.0 0
3004.1649608144485 2747.9600950085073 43.50719242433377 14.976385102254572 295 -9999.0 -1.4767986004569396 -9999.0 -0.505120798611994 0.3531738557431796 0.09090603615814888 -1.0881785522863918 -9999.0 0
2864.2625093898755 2750.8909992668896 43.50920383631406 14.976425837960136 296 27.765463703930365 0.46037993462105914 25.559897137589424 0.1885873251755399 0.14319927255446846 0.0338256262315741 1.0842891697054995 2.2055665663409414 1
3132.4432928299175 2751.298428576021 43.50534813346737 14.976431426189317 297 29.263681095502328 0.6936488271720863 27.42100831661299 0.3969246480786149 0.10647119290265097 0.012785002082602708 0.19529928273738673 1.8426727788893373 1
2873.0017140509426 2751.9188207265474 43.50907819040689 14.976440111981438 298 28.07313122930931 0.5410896825628433 25.989250045221993 0.24786963040993135 0.08854389255678893 0.029942534010772195 0.7301363271639656 2.0838811840873177 1
2851.578341131591 2755.6378183962997 43.50938619915501 14.976491767734222 299 30.235710519198612 2.4083141264292416 28.82246664101182 2.0467002617786485 0.16414995976423813 0.018164128179095036 0.053717688752950465 1.4132438781867904 9
2857.8261379111595 2754.2742921981067 43.50929637317114 14.97647282903601 300 31.935182862400005 11.441614463200954 27.593076427633513 0.6548931315566546 0.16846931266664256 0.018038687578280234 0.16667612835789036 4.342106434766492 1
3097.541610316845 2754.737106266881 43.50584992250652 14.976479198444354 301 28.72358183277511 0.914373451012064 26.331707141406568 0.3155331209572471 0.10529485402976052 0.027790491662187333 0.5326244740653814 2.3918746913685425 1
2820.26908328744 2755.9457321657715 43.50983634035059 14.976496047966101 302 25.62420793286303 0.0250449537713055 24.658790640390492 0.032155446272043454 0.12897116103473377 0.01318716145275318 2.4864957357837 0.9654172924725373 0
3095.5617408917587 2756.762856191017 43.50587838686014 14.976507334555475 303 29.472194906989223 1.8644913760002648 27.492553487774146 0.9407840954367532 0.11535538473633777 0.02843716282443213 0.18284478570877516 1.9796414192150777 9
3160.083364963404 2756.263329386655 43.50495074307941 14.976500372195263 304 28.847909018111167 0.8915696535368334 27.77177425557285 1.0334950350634637 0.14639544612853916 0.024160367233266214 0.1413820494086968 1.0761347625383166 8
2840.1432726256307 2757.211465725735 43.509550603870856 14.97651362538319 305 -9999.0 -1.7908884792556008 -9999.0 -1.4896522075971088 0.14753769879991357 0.01496921663382929 -0.060850289281809467 -9999.0 0
3151.821659976271 2759.3589936556855 43.50506952244853 14.976543370876923 306 28.558479371916945 0.871499652742397 26.3805704291199 0.3662515236083154 0.14046882966817437 0.030841803584413758 0.509185236746291 2.177908942797046 1
3058.2234956321663 2759.040634085951 43.506415207674465 14.97653898281778 307 27.45349117200145 0.43852950327133206 25.197368060676055 0.1714884795927578 0.17996181007158957 0.04295264910109926 1.5141076393240294 2.256123111325394 1
1372.7971166480297 2759.5071321739 43.53064702012066 14.976544716769817 308 -9999.0 -56.37821730634897 -9999.0 -0.53427437744664 0.052295751274138894 0.0063374322852927855 -0.0726085015929736 -9999.0 0
2882.9019123504463 2759.273251868459 43.50893585154185 14.976542255328805 309 28.635823952656366 0.41223612530319315 27.328851267883095 0.3863230059590686 0.10679589775154147 0.013552515489272676 0.2126001016220429 1.306972684773271 1
3163.372206444122 2760.232854357777 43.504903456869826 14.976555503137488 310 -9999.0 -166.70507411943362 -9999.0 -0.5084499270962589 0.1655466926543891 0.022559771713458073 -0.2684542723136225 -9999.0 0
2843.4841599153197 2760.659030391065 43.509502570632236 14.976561507818307 311 29.660141709934308 1.2224698717101385 27.51661848585742 0.5304186076070386 0.14460921068101712 0.015656351470408676 0.17883667248279167 2.143523224076887 1
2887.3749050675806 2760.8712207885346 43.508871541893946 14.97656444862157 312 28.069107425917522 0.3349971544145697 26.073160569261184 0.16652314888136577 0.10528891589747716 0.018586312318823548 0.6758335497392216 1.9959468566563388 1
3169.2730134450376 2760.9450819660733 43.504818619122936 14.976565392743378 313 30.405850772607586 3.13056085829668 27.74528721928548 0.8433152021830365 0.15843784245284825 0.020193657323531154 0.1448735449827545 2.660563553322106 9
3179.694126033931 2764.758859004951 43.504668790382816 14.97661835747541 314 29.848467886102533 2.330572922142132 28.157326545455966 1.5332593158016876 0.1694603534667073 0.025131523281502595 0.09912275329070486 1.691141340646567 9
3177.1158825833995 2765.0747277823357 43.50470585833283 14.976622745637721 315 29.382496917140713 1.4940463319894723 28.04172436361594 1.356912831447242 0.16890154138907493 0.02474638883235241 0.1102590457446535 1.340772553524772 9
2855.980496949044 2766.6329633273567 43.50932290669907 14.976644477496057 316 31.389093960764114 7.372378745188345 29.125960690250338 2.8638007049612915 0.1502624981206011 0.01922391765540808 0.04061810882488537 2.2631332705137766 9
2869.913086268994 2768.921115495058 43.5091225937984 14.976676255423087 317 31.716363821082695 12.90617849580795 -9999.0 -12.17890846333954 0.1574229411654553 0.024910409293710942 -0.012371233970332796 -9999.0 0
2860.1886036075325 2768.068047148362 43.50926240542178 14.97666440864096 318 29.380766775694205 1.0589657604972031 28.749454084703537 1.8489928030249099 0.15030604852615176 0.017551593882180694 0.057454273978164494 0.6313126909906686 8
3084.580448362227 2770.5418020953966 43.50603626287131 14.976698712597555 319 27.20591067548235 0.17301934831924945 26.371738543991228 0.2506570046373448 0.12085846783751147 0.02126738905347765 0.5133440792084998 0.8341721314911226 0
2853.277103368756 2770.338087319652 43.50936177360222 14.976695937912288 320 -9999.0 -10.207780186488382 28.097945912246466 1.047777718048147 0.1415556344349368 0.018120497577865928 0.10469492015698822 -9999.0 8
2895.0944329943545 2770.28068590965 43.508760554568966 14.976695134352 321 30.009397700380468 1.7306914661018253 27.37519662539946 0.4777076084764214 0.12421104716042342 0.016071010805857128 0.2037160866067631 2.634201074981007 1
2931.0321986263953 2772.96201888531 43.50824386704627 14.976732368399203 322 -9999.0 -0.7060599332226952 -9999.0 -0.2664067894017608 0.17470161344956708 0.02494541216531999 -0.5662664665527242 -9999.0 0
2864.542883263298 2772.8971534005277 43.509199802064394 14.976731478949462 323 28.11836207682245 0.23546829885076465 26.036017347993536 0.10807868011339793 0.14900044652901284 0.012460281445054561 0.6993539557731019 2.0823447288289145 1
2872.131416327664 2774.58399097252 43.509090699396076 14.976754906142403 324 29.197396238313786 1.3166947360364718 27.424000278042797 0.8032503010723789 0.1527447837854729 0.025862812104487622 0.19476183769137023 1.7733959602709888 9
3049.048976450276 2773.806859342457 43.50654710740103 14.976744072147815 325 -9999.0 -1.588346022152268 -9999.0 -0.5885519161982128 0.14993341176186575 0.025781552726588948 -0.2649359686885644 -9999.0 0
3077.9970418831167 2773.918508187441 43.50613091311543 14.976745613515767 326 -9999.0 -1.3457325703359173 29.08501989751248 2.300721100893411 0.12065484506990315 0.01602068918485243 0.04217897444399066 -9999.0 8
3085.720805911462 2778.780057888396 43.5060198647297 14.976813132427317 327 30.085024769342915 1.5353171550327445 27.74289951691395 0.5555220842263348 0.10979508024686618 0.013281058635011046 0.14519249496771547 2.342125252428964 1
2943.8795172939094 2777.7525893906977 43.50805915658396 14.976798901427207 328 -9999.0 -7.82044388264216 -9999.0 -3.0242218176621702 0.196907777137853 0.03164456730235813 -0.06325940917461637 -9999.0 0
3087.8841062457873 2778.987365688959 43.505988762285945 14.97681601096118 329 29.701204213307022 1.2420475214575812 27.22287763102743 0.39667715854503327 0.10772016623037325 0.015311047585701199 0.2343974714918482 2.4783265822795926 1
3111.925559804887 2779.1528852016168 43.50564311156061 14.976818301323108 330 25.681325493528128 0.15773219066776306 23.94533602073637 0.0995517497542595 0.07566535387863249 0.07904844193005166 4.796998322975577 1.7359894727917577 1
2865.3434455144825 2779.552744071817 43.50918829117671 14.97682391759435 331 28.56363518091348 0.47276959123064477 26.54158817660415 0.2293886873660438 0.13458093141329575 0.016627387420257416 0.43900422940182837 2.0220470043093286 1
2887.4046476220287 2780.673308296132 43.50887111093648 14.976839477609422 332 30.813868527721397 3.655338556376334 29.236310532343026 2.670452764243396 0.12611511823575514 0.016179592007849262 0.03669270776326261 1.5775579953783705 9
2918.363129457808 2783.3100059878466 43.508426011661975 14.976876092932615 333 27.95767312768796 0.4985224401317255 25.671464706959426 0.18959223890052437 0.15675490480419751 0.030682081785935816 0.9784037129722432 2.286208420728535 1
2930.942011201018 2780.9310750008954 43.50824516202747 14.976843049752135 334 -9999.0 -0.9123121853969652 -9999.0 -0.3598601664641672 0.20356341721647875 0.036141156677723656 -0.607183487377946 -9999.0 0
3090.0573566871803 2782.3181137512133 43.50595751566883 14.97686227060189 335 -9999.0 -30.957176327717036 -9999.0 -1.2823616314320991 0.11424862179210629 0.012772435063174787 -0.06038229160879016 -9999.0 0
2890.4660676778362 2783.8313893205413 43.50882709550209 14.976883339342542 336 28.947998690716503 0.5770296369186915 27.03169766927258 0.3085182006408488 0.13350382826085816 0.01423392546582911 0.27952773613456783 1.9163010214439211 1
3041.284306620451 2786.178841703189 43.50665873831882 14.976915907604365 337 26.950859838688217 0.4638866192992547 24.69718155600234 0.18176907726974662 0.23912685276683332 0.07220308586811275 2.4001111390669063 2.2536782826858754 1
3080.076258961168 2786.6531922916097 43.506101015207214 14.976922483429625 338 -9999.0 -2.248055859025197 -9999.0 -0.4567208862338094 0.11663512349741101 0.011089159633255036 -0.14741165883416496 -9999.0 0
2901.675991019557 2787.8774990248075 43.50866592652888 14.976939533395761 339 29.06551238871002 0.7005392555151955 27.66740278585945 0.6036793096993104 0.14809020777880133 0.015514648594291875 0.15564775486073046 1.3981096028505675 1
3173.2823351440175 2789.0363160361094 43.50476096383173 14.976955547090585 340 28.428372073220885 0.9827520753377521 25.929147807604174 0.307211595728531 0.25374786924507653 0.03921538953528873 0.7716935172385133 2.4992242656167107 1
2923.0875561351268 2789.9842879975527 43.50835808589836 14.976968790381756 341 29.55296234001272 1.4541221147624424 27.324760885259998 0.5834068064241834 0.19073812749426244 0.020576106700194753 0.2134025579680534 2.228201454752721 1
2902.992763328404 2793.009054814519 43.50864699397583 14.977010804771458 342 29.641724103271144 0.9961397337447244 28.096577291592155 0.7497253141634932 0.1501385985183067 0.012962965501064301 0.10482697615530334 1.5451468116789897 9
3016.9338396944645 2794.3032322805225 43.50700882956528 14.977028753439013 343 28.83169242793408 2.3725495630663556 25.837504250058913 0.4700225512116764 0.23684387536161278 0.0653154392934262 0.8396576998377236 2.9941881778751664 1
3009.2094164347886 2794.023681651041 43.50711988593594 14.97702487292483 344 -9999.0 -12.279215377003526 29.798024767803412 15.145118139097569 0.31129919290542607 0.054803929125870454 0.02187228054846635 -9999.0 8
3068.328928504551 2795.0614206800287 43.50626990709101 14.97703926827016 345 28.099522012364503 0.5709456504726136 26.074772592386587 0.27622207960795897 0.12847024347846353 0.030836534517894473 0.674830865172761 2.0247494199779155 1
2900.1113670689692 2795.702455188853 43.508688420162684 14.977048213616309 346 30.80183879197145 3.232920489490457 30.428430100858733 7.158755069187881 0.14338611627029163 0.014461813291105293 0.012238605462075114 0.373408691112715 8
3200.1262643558416 2797.7050330503735 43.50437501695783 14.977075934324914 347 29.42900193049207 1.5908453741960276 26.72670800052783 0.4124548988228694 0.17599328513872825 0.025244465011844568 0.3701866686969906 2.7022939299642417 1
2911.0374312205877 2799.661508769396 43.50853133217371 14.977103198511623 348 30.6787982452201 3.2637665317629763 -9999.0 -3.154208802958318 0.15136310618195759 0.016362071819634904 -0.03139577456889686 -9999.0 0
2980.854043505712 2801.2119336752326 43.507527557577326 14.977124717128955 349 28.554584623678323 1.209895442877421 26.272577892090553 0.46186822001219535 0.2378470813385164 0.04298502607861233 0.5624356207872818 2.282006731587771 1
3030.1834861511015 2800.0959630251364 43.50681833377579 14.977109204247737 350 29.19615492030104 2.3235653524689317 27.090568747362653 1.0443265979076508 0.2053574094760049 0.04571560654205517 0.2647746947259879 2.105586172938388 9
